259	97
260	98
262	100
262	101
263	102
264	103
265	104
266	106
267	107
268	108
269	109
269	110
271	112
272	113
272	114
273	115
274	116
276	118
276	119
277	120
278	121
279	122
280	124
281	125
282	126
282	127
283	128
285	130
286	131
286	132
287	133
288	134
289	136
290	137
291	138
292	139
293	140
293	141
295	143
296	144
296	145
297	146
298	147
300	149
300	150
301	151
302	152
303	153
304	155
305	156
306	157
307	158
307	159
309	161
310	162
310	163
311	164
312	165
314	167
314	168
315	169
316	170
317	171
318	173
319	174
320	175
321	176
321	177
323	179
324	180
324	181
325	182
326	183
328	185
328	186
329	187
330	188
331	189
332	191
333	192
334	193
335	194
335	195
337	197
338	198
339	199
339	200
340	201
342	203
342	204
343	205
344	206
345	207
346	209
347	210
348	211
349	212
349	213
351	215
352	216
353	217
353	218
354	219
356	221
356	222
357	223
358	224
359	225
360	227
361	228
362	229
363	230
364	231
365	233
366	234
367	235
367	236
368	237
370	239
371	240
371	241
372	242
373	243
374	245
375	246
376	247
377	248
378	249
379	251
380	252
381	253
382	254
382	255
383	256
385	258
385	259
386	260
387	261
388	262
389	264
390	265
391	266
392	267
392	268
394	270
395	271
396	272
396	273
397	274
399	276
400	277
400	278
401	279
402	280
403	282
404	283
405	284
406	285
407	286
408	288
409	289
410	290
411	291
411	292
413	294
414	295
414	296
415	297
416	298
418	300
418	301
419	302
420	303
421	304
422	306
423	307
424	308
425	309
425	310
427	312
428	313
429	314
429	315
430	316
432	318
433	319
433	320
434	321
435	322
437	324
437	325
438	326
439	327
440	328
441	330
442	331
443	332
444	333
444	334
446	336
447	337
448	338
448	339
449	340
451	342
451	343
452	344
453	345
454	346
455	347
456	349
457	350
458	351
459	352
459	353
461	355
462	356
463	357
463	358
464	359
466	361
466	362
467	363
468	364
469	365
470	367
471	368
472	369
473	370
474	371
475	373
476	374
477	375
478	376
478	377
480	379
481	380
482	381
482	382
483	383
485	385
485	386
486	387
487	388
488	389
489	391
490	392
491	393
492	394
493	395
494	397
495	398
496	399
497	400
497	401
499	403
500	404
501	405
501	406
502	407
504	409
504	410
505	411
506	412
507	413
508	415
509	416
510	417
511	418
512	419
512	420
514	422
515	423
516	424
516	425
517	426
519	428
520	429
520	430
521	431
522	432
524	434
524	435
525	436
526	437
527	438
528	440
529	441
530	442
531	443
531	444
533	446
534	447
535	448
535	449
536	450
538	452
539	453
539	454
540	455
541	456
543	458
543	459
544	460
545	461
546	462
547	464
548	465
549	466
550	467
551	468
552	470
553	471
554	472
555	473
555	474
557	476
558	477
559	478
559	479
560	480
561	481
563	483
563	484
564	485
565	486
566	487
567	489
568	490
569	491
570	492
571	493
572	495
573	496
574	497
574	498
575	499
577	501
578	502
578	503
579	504
580	505
582	507
582	508
583	509
584	510
585	511
586	513
587	514
588	515
589	516
590	517
591	519
592	520
593	521
594	522
594	523
596	525
597	526
598	527
598	528
599	529
601	531
602	532
602	533
603	534
604	535
605	536
606	538
607	539
608	540
609	541
610	542
611	544
612	545
613	546
614	547
614	548
616	550
617	551
618	552
618	553
619	554
621	556
622	557
622	558
623	559
624	560
626	562
626	563
627	564
628	565
629	566
631	568
631	569
632	570
633	571
634	572
635	574
636	575
637	576
638	577
639	578
640	580
641	581
642	582
643	583
643	584
644	585
646	587
647	588
647	589
648	590
649	591
651	593
651	594
652	595
653	596
654	597
655	599
656	600
657	601
658	602
659	603
660	605
661	606
662	607
663	608
663	609
665	611
666	612
667	613
667	614
668	615
670	617
671	618
672	619
672	620
673	621
675	623
676	624
676	625
677	626
678	627
679	628
680	630
681	631
682	632
683	633
684	634
685	636
686	637
687	638
688	639
688	640
690	642
691	643
692	644
692	645
693	646
695	648
696	649
697	650
697	651
698	652
700	654
701	655
701	656
702	657
703	658
705	660
705	661
706	662
707	663
708	664
709	665
710	667
711	668
712	669
713	670
713	671
715	673
716	674
717	675
718	676
718	677
720	679
721	680
722	681
722	682
723	683
725	685
726	686
726	687
727	688
728	689
730	691
730	692
731	693
732	694
733	695
735	697
735	698
736	699
737	700
738	701
739	702
740	704
741	705
742	706
743	707
743	708
745	710
746	711
747	712
747	713
748	714
750	716
751	717
752	718
752	719
753	720
755	722
756	723
756	724
757	725
758	726
760	728
760	729
761	730
762	731
763	732
764	733
765	735
766	736
767	737
768	738
769	739
770	741
771	742
772	743
773	744
773	745
775	747
776	748
777	749
778	750
778	751
780	753
781	754
782	755
782	756
783	757
785	759
786	760
786	761
787	762
788	763
789	764
791	766
791	767
792	768
793	769
794	770
795	772
796	773
797	774
798	775
799	776
800	778
801	779
802	780
803	781
804	782
805	784
806	785
807	786
808	787
808	788
810	790
811	791
812	792
813	793
813	794
814	795
816	797
817	798
817	799
818	800
819	801
821	803
822	804
822	805
823	806
824	807
826	809
826	810
827	811
828	812
829	813
831	815
831	816
832	817
833	818
834	819
835	821
836	822
837	823
838	824
839	825
840	826
841	828
842	829
843	830
844	831
844	832
846	834
847	835
848	836
849	837
849	838
851	840
852	841
853	842
853	843
854	844
856	846
857	847
858	848
858	849
859	850
860	851
862	853
862	854
863	855
864	856
865	857
867	859
867	860
868	861
869	862
870	863
871	865
872	866
873	867
874	868
875	869
876	871
877	872
878	873
879	874
880	875
880	876
882	878
883	879
884	880
885	881
885	882
887	884
888	885
889	886
890	887
890	888
892	890
893	891
894	892
894	893
895	894
897	896
898	897
899	898
899	899
900	900
901	901
903	903
903	904
904	905
905	906
906	907
908	909
908	910
909	911
910	912
911	913
913	915
913	916
914	917
915	918
916	919
917	920
918	922
919	923
920	924
921	925
922	926
923	928
924	929
925	930
926	931
927	932
928	934
929	935
930	936
931	937
931	938
933	940
934	941
935	942
936	943
936	944
937	945
939	947
940	948
941	949
941	950
942	951
944	953
945	954
946	955
946	956
947	957
949	959
950	960
950	961
951	962
952	963
953	964
955	966
955	967
956	968
957	969
958	970
960	972
960	973
961	974
962	975
963	976
965	978
965	979
966	980
967	981
968	982
969	983
970	985
971	986
972	987
973	988
974	989
975	991
976	992
977	993
978	994
979	995
980	997
981	998
982	999
983	1000
984	1001
984	1002
986	1004
987	1005
988	1006
989	1007
989	1008
991	1010
992	1011
993	1012
994	1013
994	1014
996	1016
997	1017
998	1018
998	1019
999	1020
1000	1021
1002	1023
1003	1024
1003	1025
1004	1026
1005	1027
1007	1029
1008	1030
1008	1031
1009	1032
1010	1033
1012	1035
1013	1036
1013	1037
1014	1038
1015	1039
1016	1040
1018	1042
1018	1043
1019	1044
1020	1045
1021	1046
1023	1048
1023	1049
1024	1050
1025	1051
1026	1052
1028	1054
1028	1055
1029	1056
1030	1057
1031	1058
1032	1059
1033	1061
1034	1062
1035	1063
1036	1064
1037	1065
1038	1067
1039	1068
1040	1069
1041	1070
1042	1071
1043	1073
1044	1074
1045	1075
1046	1076
1047	1077
1048	1078
1049	1080
1050	1081
1051	1082
1052	1083
1053	1084
1054	1086
1055	1087
1056	1088
1057	1089
1058	1090
1058	1091
1060	1093
1061	1094
1062	1095
1063	1096
1063	1097
1065	1099
1066	1100
1067	1101
1068	1102
1068	1103
1070	1105
1071	1106
1072	1107
1073	1108
1073	1109
1074	1110
1076	1112
1077	1113
1078	1114
1078	1115
1079	1116
1081	1118
1082	1119
1083	1120
1083	1121
1084	1122
1085	1123
1087	1125
1088	1126
1088	1127
1089	1128
1090	1129
1092	1131
1093	1132
1093	1133
1094	1134
1095	1135
1097	1137
1098	1138
1098	1139
1099	1140
1100	1141
1101	1142
1103	1144
1103	1145
1104	1146
1105	1147
1106	1148
1108	1150
1108	1151
1109	1152
1110	1153
1111	1154
1112	1155
1114	1157
1114	1158
1115	1159
1116	1160
1117	1161
1119	1163
1119	1164
1120	1165
1121	1166
1122	1167
1124	1169
1124	1170
1125	1171
1126	1172
1127	1173
1128	1174
1129	1176
1130	1177
1131	1178
1132	1179
1133	1180
1134	1182
1135	1183
1136	1184
1137	1185
1138	1186
1139	1187
1140	1189
1141	1190
1142	1191
1143	1192
1144	1193
1145	1195
1146	1196
1147	1197
1148	1198
1149	1199
1150	1200
1151	1202
1152	1203
1153	1204
1154	1205
1155	1206
1156	1208
1157	1209
1158	1210
1159	1211
1160	1212
1161	1213
1162	1215
1163	1216
1164	1217
1165	1218
1166	1219
1167	1221
1168	1222
1169	1223
1170	1224
1171	1225
1171	1226
1173	1228
1174	1229
1175	1230
1176	1231
1177	1232
1178	1234
1179	1235
1180	1236
1181	1237
1182	1238
1182	1239
1184	1241
1185	1242
1186	1243
1187	1244
1187	1245
1189	1247
1190	1248
1191	1249
1192	1250
1193	1251
1193	1252
1195	1254
1196	1255
1197	1256
1198	1257
1198	1258
1200	1260
1201	1261
1202	1262
1203	1263
1204	1264
1204	1265
1206	1267
1207	1268
1208	1269
1209	1270
1209	1271
1211	1273
1212	1274
1213	1275
1214	1276
1214	1277
1215	1278
1217	1280
1218	1281
1219	1282
1220	1283
1220	1284
1222	1286
1223	1287
1224	1288
1225	1289
1225	1290
1226	1291
1228	1293
1229	1294
1230	1295
1231	1296
1231	1297
1233	1299
1234	1300
1235	1301
1236	1302
1236	1303
1237	1304
1239	1306
1240	1307
1241	1308
1242	1309
1242	1310
1244	1312
1245	1313
1246	1314
1247	1315
1247	1316
1248	1317
1250	1319
1251	1320
1252	1321
1253	1322
1253	1323
1255	1325
1256	1326
1257	1327
1258	1328
1258	1329
1259	1330
1261	1332
1262	1333
1263	1334
1264	1335
1264	1336
1265	1337
1267	1339
1268	1340
1269	1341
1270	1342
1270	1343
1272	1345
1273	1346
1274	1347
1275	1348
1275	1349
1276	1350
1278	1352
1279	1353
1280	1354
1281	1355
1281	1356
1283	1358
1284	1359
1285	1360
1286	1361
1287	1362
1287	1363
1289	1365
1290	1366
1291	1367
1292	1368
1292	1369
1294	1371
1295	1372
1296	1373
1297	1374
1298	1375
1298	1376
1300	1378
1301	1379
1302	1380
1303	1381
1304	1382
1304	1383
1306	1385
1307	1386
1308	1387
1309	1388
1309	1389
1311	1391
1312	1392
1313	1393
1314	1394
1315	1395
1315	1396
1317	1398
1318	1399
1319	1400
1320	1401
1321	1402
1321	1403
1323	1405
1324	1406
1325	1407
1326	1408
1327	1409
1328	1411
1329	1412
1330	1413
1331	1414
1332	1415
1333	1416
1334	1418
1335	1419
1336	1420
1337	1421
1338	1422
1339	1424
1340	1425
1341	1426
1342	1427
1343	1428
1344	1429
1345	1431
1346	1432
1347	1433
1348	1434
1349	1435
1350	1436
1351	1438
1352	1439
1353	1440
1354	1441
1355	1442
1356	1444
1357	1445
1358	1446
1359	1447
1360	1448
1361	1449
1362	1451
1363	1452
1364	1453
1365	1454
1366	1455
1367	1456
1368	1458
1369	1459
1370	1460
1371	1461
1372	1462
1374	1464
1374	1465
1375	1466
1376	1467
1377	1468
1378	1469
1380	1471
1380	1472
1381	1473
1382	1474
1383	1475
1384	1476
1386	1478
1386	1479
1387	1480
1388	1481
1389	1482
1390	1483
1392	1485
1392	1486
1393	1487
1394	1488
1395	1489
1397	1491
1398	1492
1398	1493
1399	1494
1400	1495
1401	1496
1403	1498
1404	1499
1404	1500
1405	1501
1406	1502
1407	1503
1409	1505
1410	1506
1410	1507
1411	1508
1412	1509
1414	1511
1415	1512
1416	1513
1416	1514
1417	1515
1418	1516
1420	1518
1421	1519
1422	1520
1422	1521
1423	1522
1424	1523
1426	1525
1427	1526
1428	1527
1428	1528
1429	1529
1430	1530
1432	1532
1433	1533
1434	1534
1434	1535
1435	1536
1437	1538
1438	1539
1439	1540
1440	1541
1440	1542
1441	1543
1443	1545
1444	1546
1445	1547
1446	1548
1447	1549
1447	1550
1449	1552
1450	1553
1451	1554
1452	1555
1453	1556
1453	1557
1455	1559
1456	1560
1457	1561
1458	1562
1459	1563
1459	1564
1461	1566
1462	1567
1463	1568
1464	1569
1465	1570
1466	1572
1467	1573
1468	1574
1469	1575
1470	1576
1471	1577
1472	1579
1473	1580
1474	1581
1475	1582
1476	1583
1477	1584
1478	1586
1479	1587
1480	1588
1481	1589
1482	1590
1483	1591
1484	1593
1485	1594
1486	1595
1487	1596
1488	1597
1489	1598
1491	1600
1491	1601
1492	1602
1493	1603
1494	1604
1496	1606
1497	1607
1497	1608
1498	1609
1499	1610
1500	1611
1502	1613
1503	1614
1503	1615
1504	1616
1505	1617
1506	1618
1508	1620
1509	1621
1510	1622
1510	1623
1511	1624
1512	1625
1514	1627
1515	1628
1516	1629
1516	1630
1517	1631
1518	1632
1520	1634
1521	1635
1522	1636
1523	1637
1523	1638
1524	1639
1526	1641
1527	1642
1528	1643
1529	1644
1529	1645
1530	1646
1532	1648
1533	1649
1534	1650
1535	1651
1536	1652
1536	1653
1538	1655
1539	1656
1540	1657
1541	1658
1542	1659
1543	1661
1544	1662
1545	1663
1546	1664
1547	1665
1548	1666
1549	1668
1550	1669
1551	1670
1552	1671
1553	1672
1554	1673
1556	1675
1556	1676
1557	1677
1558	1678
1559	1679
1560	1680
1562	1682
1562	1683
1563	1684
1564	1685
1565	1686
1566	1687
1568	1689
1569	1690
1569	1691
1570	1692
1571	1693
1572	1694
1574	1696
1575	1697
1576	1698
1576	1699
1577	1700
1578	1701
1580	1703
1581	1704
1582	1705
1582	1706
1583	1707
1584	1708
1586	1710
1587	1711
1588	1712
1589	1713
1589	1714
1590	1715
1592	1717
1593	1718
1594	1719
1595	1720
1596	1721
1596	1722
1598	1724
1599	1725
1600	1726
1601	1727
1602	1728
1603	1729
1604	1731
1605	1732
1606	1733
1607	1734
1608	1735
1609	1736
1610	1738
1611	1739
1612	1740
1613	1741
1614	1742
1615	1743
1616	1745
1617	1746
1618	1747
1619	1748
1620	1749
1621	1750
1623	1752
1623	1753
1624	1754
1625	1755
1626	1756
1627	1757
1629	1759
1630	1760
1630	1761
1631	1762
1632	1763
1633	1764
1635	1766
1636	1767
1637	1768
1637	1769
1638	1770
1639	1771
1641	1773
1642	1774
1643	1775
1644	1776
1644	1777
1645	1778
1647	1780
1648	1781
1649	1782
1650	1783
1651	1784
1651	1785
1653	1787
1654	1788
1655	1789
1656	1790
1657	1791
1658	1792
1659	1794
1660	1795
1661	1796
1662	1797
1663	1798
1664	1799
1665	1801
1666	1802
1667	1803
1668	1804
1669	1805
1670	1806
1672	1808
1672	1809
1673	1810
1674	1811
1675	1812
1676	1813
1678	1815
1679	1816
1679	1817
1680	1818
1681	1819
1682	1820
1684	1822
1685	1823
1686	1824
1687	1825
1687	1826
1688	1827
1689	1828
1691	1830
1692	1831
1693	1832
1694	1833
1694	1834
1695	1835
1697	1837
1698	1838
1699	1839
1700	1840
1701	1841
1701	1842
1703	1844
1704	1845
1705	1846
1706	1847
1707	1848
1708	1849
1709	1851
1710	1852
1711	1853
1712	1854
1713	1855
1714	1856
1716	1858
1716	1859
1717	1860
1718	1861
1719	1862
1720	1863
1722	1865
1723	1866
1723	1867
1724	1868
1725	1869
1726	1870
1728	1872
1729	1873
1730	1874
1730	1875
1731	1876
1732	1877
1733	1878
1735	1880
1736	1881
1737	1882
1738	1883
1738	1884
1739	1885
1741	1887
1742	1888
1743	1889
1744	1890
1745	1891
1745	1892
1747	1894
1748	1895
1749	1896
1750	1897
1751	1898
1752	1899
1753	1901
1754	1902
1755	1903
1756	1904
1757	1905
1758	1906
1759	1907
1760	1909
1761	1910
1762	1911
1763	1912
1764	1913
1765	1914
1767	1916
1768	1917
1768	1918
1769	1919
1770	1920
1771	1921
1773	1923
1774	1924
1775	1925
1775	1926
1776	1927
1777	1928
1779	1930
1780	1931
1781	1932
1782	1933
1783	1934
1783	1935
1784	1936
1786	1938
1787	1939
1788	1940
1789	1941
1790	1942
1791	1943
1792	1945
1793	1946
1794	1947
1795	1948
1796	1949
1797	1950
1798	1952
1799	1953
1800	1954
1801	1955
1802	1956
1803	1957
1805	1959
1806	1960
1806	1961
1807	1962
1808	1963
1809	1964
1810	1965
1812	1967
1813	1968
1814	1969
1814	1970
1815	1971
1816	1972
1818	1974
1819	1975
1820	1976
1821	1977
1822	1978
1822	1979
1824	1981
1825	1982
1826	1983
1827	1984
1828	1985
1829	1986
1829	1987
1831	1989
1832	1990
1833	1991
1834	1992
1835	1993
1836	1994
1837	1996
1838	1997
1839	1998
1840	1999
1841	2000
1842	2001
1843	2002
1845	2004
1845	2005
1846	2006
1847	2007
1848	2008
1849	2009
1851	2011
1852	2012
1853	2013
1853	2014
1854	2015
1855	2016
1857	2018
1858	2019
1859	2020
1860	2021
1861	2022
1861	2023
1862	2024
1864	2026
1865	2027
1866	2028
1867	2029
1868	2030
1869	2031
1870	2033
1871	2034
1872	2035
1873	2036
1874	2037
1875	2038
1876	2039
1878	2041
1878	2042
1879	2043
1880	2044
1881	2045
1882	2046
1884	2048
1885	2049
1886	2050
1886	2051
1887	2052
1888	2053
1889	2054
1891	2056
1892	2057
1893	2058
1894	2059
1894	2060
1895	2061
1897	2063
1898	2064
1899	2065
1900	2066
1901	2067
1902	2068
1902	2069
1904	2071
1905	2072
1906	2073
1907	2074
1908	2075
1909	2076
1911	2078
1911	2079
1912	2080
1913	2081
1914	2082
1915	2083
1916	2084
1918	2086
1919	2087
1919	2088
1920	2089
1921	2090
1922	2091
1924	2093
1925	2094
1926	2095
1927	2096
1927	2097
1928	2098
1929	2099
1931	2101
1932	2102
1933	2103
1934	2104
1935	2105
1936	2106
1937	2108
1938	2109
1939	2110
1940	2111
1941	2112
1942	2113
1943	2114
1944	2116
1945	2117
1946	2118
1947	2119
1948	2120
1949	2121
1951	2123
1952	2124
1953	2125
1953	2126
1954	2127
1955	2128
1956	2129
1958	2131
1959	2132
1960	2133
1961	2134
1962	2135
1962	2136
1963	2137
1965	2139
1966	2140
1967	2141
1968	2142
1969	2143
1970	2144
1971	2146
1972	2147
1973	2148
1974	2149
1975	2150
1976	2151
1977	2152
1979	2154
1979	2155
1980	2156
1981	2157
1982	2158
1983	2159
1984	2160
1986	2162
1987	2163
1988	2164
1988	2165
1989	2166
1990	2167
1992	2169
1993	2170
1994	2171
1995	2172
1996	2173
1997	2174
1997	2175
1999	2177
2000	2178
2001	2179
2002	2180
2003	2181
2004	2182
2005	2183
2006	2185
2007	2186
2008	2187
2009	2188
2010	2189
2011	2190
2013	2192
2014	2193
2014	2194
2015	2195
2016	2196
2017	2197
2018	2198
2020	2200
2021	2201
2022	2202
2023	2203
2023	2204
2024	2205
2025	2206
2027	2208
2028	2209
2029	2210
2030	2211
2031	2212
2032	2213
2033	2214
2034	2216
2035	2217
2036	2218
2037	2219
2038	2220
2039	2221
2041	2223
2042	2224
2042	2225
2043	2226
2044	2227
2045	2228
2046	2229
2048	2231
2049	2232
2050	2233
2051	2234
2051	2235
2052	2236
2053	2237
2055	2239
2056	2240
2057	2241
2058	2242
2059	2243
2060	2244
2060	2245
2062	2247
2063	2248
2064	2249
2065	2250
2066	2251
2067	2252
2068	2253
2070	2255
2070	2256
2071	2257
2072	2258
2073	2259
2074	2260
2075	2261
2077	2263
2078	2264
2079	2265
2079	2266
2080	2267
2081	2268
2083	2270
2084	2271
2085	2272
2086	2273
2087	2274
2088	2275
2088	2276
2090	2278
2091	2279
2092	2280
2093	2281
2094	2282
2095	2283
2096	2284
2098	2286
2098	2287
2099	2288
2100	2289
2101	2290
2102	2291
2103	2292
2105	2294
2106	2295
2107	2296
2108	2297
2108	2298
2109	2299
2110	2300
2112	2302
2113	2303
2114	2304
2115	2305
2116	2306
2117	2307
2117	2308
2119	2310
2120	2311
2121	2312
2122	2313
2123	2314
2124	2315
2125	2316
2127	2318
2127	2319
2128	2320
2129	2321
2130	2322
2131	2323
2132	2324
2134	2326
2135	2327
2136	2328
2137	2329
2137	2330
2138	2331
2139	2332
2141	2334
2142	2335
2143	2336
2144	2337
2145	2338
2146	2339
2147	2340
2148	2342
2149	2343
2150	2344
2151	2345
2152	2346
2153	2347
2154	2348
2156	2350
2157	2351
2157	2352
2158	2353
2159	2354
2160	2355
2161	2356
2163	2358
2164	2359
2165	2360
2166	2361
2167	2362
2167	2363
2168	2364
2170	2366
2171	2367
2172	2368
2173	2369
2174	2370
2175	2371
2176	2372
2177	2373
2178	2375
2179	2376
2180	2377
2181	2378
2182	2379
2183	2380
2184	2381
2186	2383
2187	2384
2187	2385
2188	2386
2189	2387
2190	2388
2191	2389
2193	2391
2194	2392
2195	2393
2196	2394
2197	2395
2198	2396
2198	2397
2200	2399
2201	2400
2202	2401
2203	2402
2204	2403
2205	2404
2206	2405
2208	2407
2208	2408
2209	2409
2210	2410
2211	2411
2212	2412
2213	2413
2215	2415
2216	2416
2217	2417
2218	2418
2219	2419
2219	2420
2220	2421
2221	2422
2223	2424
2224	2425
2225	2426
2226	2427
2227	2428
2228	2429
2229	2430
2230	2432
2231	2433
2232	2434
2233	2435
2234	2436
2235	2437
2236	2438
2238	2440
2239	2441
2240	2442
2240	2443
2241	2444
2242	2445
2243	2446
2244	2447
2246	2449
2247	2450
2248	2451
2249	2452
2250	2453
2251	2454
2251	2455
2253	2457
2254	2458
2255	2459
2256	2460
2257	2461
2258	2462
2259	2463
2261	2465
2262	2466
2262	2467
2263	2468
2264	2469
2265	2470
2266	2471
2267	2472
2269	2474
2270	2475
2271	2476
2272	2477
2272	2478
2273	2479
2274	2480
2276	2482
2277	2483
2278	2484
2279	2485
2280	2486
2281	2487
2282	2488
2284	2490
2284	2491
2285	2492
2286	2493
2287	2494
2288	2495
2289	2496
2290	2497
2292	2499
2293	2500
2294	2501
2295	2502
2295	2503
2296	2504
2297	2505
2299	2507
2300	2508
2301	2509
2302	2510
2303	2511
2304	2512
2305	2513
2306	2514
2307	2516
2308	2517
2309	2518
2310	2519
2311	2520
2312	2521
2313	2522
2315	2524
2316	2525
2317	2526
2318	2527
2318	2528
2319	2529
2320	2530
2321	2531
2323	2533
2324	2534
2325	2535
2326	2536
2327	2537
2328	2538
2329	2539
2330	2541
2331	2542
2332	2543
2333	2544
2334	2545
2335	2546
2336	2547
2337	2548
2339	2550
2340	2551
2341	2552
2341	2553
2342	2554
2343	2555
2344	2556
2345	2557
2347	2559
2348	2560
2349	2561
2350	2562
2351	2563
2352	2564
2353	2565
2354	2567
2355	2568
2356	2569
2357	2570
2358	2571
2359	2572
2360	2573
2361	2574
2363	2576
2364	2577
2364	2578
2365	2579
2366	2580
2367	2581
2368	2582
2369	2583
2371	2585
2372	2586
2373	2587
2374	2588
2375	2589
2376	2590
2377	2591
2378	2593
2379	2594
2380	2595
2381	2596
2382	2597
2383	2598
2384	2599
2385	2600
2387	2602
2388	2603
2389	2604
2389	2605
2390	2606
2391	2607
2392	2608
2393	2609
2395	2611
2396	2612
2397	2613
2398	2614
2399	2615
2400	2616
2401	2617
2401	2618
2403	2620
2404	2621
2405	2622
2406	2623
2407	2624
2408	2625
2409	2626
2411	2628
2412	2629
2413	2630
2414	2631
2414	2632
2415	2633
2416	2634
2417	2635
2419	2637
2420	2638
2421	2639
2422	2640
2423	2641
2424	2642
2425	2643
2426	2644
2427	2646
2428	2647
2429	2648
2430	2649
2431	2650
2432	2651
2433	2652
2434	2653
2436	2655
2437	2656
2438	2657
2439	2658
2439	2659
2440	2660
2441	2661
2442	2662
2444	2664
2445	2665
2446	2666
2447	2667
2448	2668
2449	2669
2450	2670
2451	2671
2452	2673
2453	2674
2454	2675
2455	2676
2456	2677
2457	2678
2458	2679
2459	2680
2461	2682
2462	2683
2463	2684
2464	2685
2465	2686
2465	2687
2466	2688
2467	2689
2469	2691
2470	2692
2471	2693
2472	2694
2473	2695
2474	2696
2475	2697
2476	2698
2478	2700
2478	2701
2479	2702
2480	2703
2481	2704
2482	2705
2483	2706
2484	2707
2486	2709
2487	2710
2488	2711
2489	2712
2490	2713
2491	2714
2492	2715
2492	2716
2494	2718
2495	2719
2496	2720
2497	2721
2498	2722
2499	2723
2500	2724
2501	2725
2503	2727
2504	2728
2505	2729
2505	2730
2506	2731
2507	2732
2508	2733
2509	2734
2511	2736
2512	2737
2513	2738
2514	2739
2515	2740
2516	2741
2517	2742
2518	2743
2519	2744
2520	2746
2521	2747
2522	2748
2523	2749
2524	2750
2525	2751
2526	2752
2527	2753
2529	2755
2530	2756
2531	2757
2532	2758
2533	2759
2533	2760
2534	2761
2535	2762
2537	2764
2538	2765
2539	2766
2540	2767
2541	2768
2542	2769
2543	2770
2544	2771
2545	2772
2547	2774
2547	2775
2548	2776
2549	2777
2550	2778
2551	2779
2552	2780
2553	2781
2555	2783
2556	2784
2557	2785
2558	2786
2559	2787
2560	2788
2561	2789
2562	2790
2563	2792
2564	2793
2565	2794
2566	2795
2567	2796
2568	2797
2569	2798
2570	2799
2571	2800
2573	2802
2574	2803
2575	2804
2576	2805
2576	2806
2577	2807
2578	2808
2579	2809
2581	2811
2582	2812
2583	2813
2584	2814
2585	2815
2586	2816
2587	2817
2588	2818
2589	2819
2591	2821
2591	2822
2592	2823
2593	2824
2594	2825
2595	2826
2596	2827
2597	2828
2599	2830
2600	2831
2601	2832
2602	2833
2603	2834
2604	2835
2605	2836
2606	2837
2607	2838
2608	2840
2609	2841
2610	2842
2611	2843
2612	2844
2613	2845
2614	2846
2615	2847
2617	2849
2618	2850
2619	2851
2620	2852
2621	2853
2622	2854
2622	2855
2623	2856
2624	2857
2626	2859
2627	2860
2628	2861
2629	2862
2630	2863
2631	2864
2632	2865
2633	2866
2634	2867
2636	2869
2637	2870
2638	2871
2638	2872
2639	2873
2640	2874
2641	2875
2642	2876
2644	2878
2645	2879
2646	2880
2647	2881
2648	2882
2649	2883
2650	2884
2651	2885
2652	2886
2654	2888
2654	2889
2655	2890
2656	2891
2657	2892
2658	2893
2659	2894
2660	2895
2661	2896
2663	2898
2664	2899
2665	2900
2666	2901
2667	2902
2668	2903
2669	2904
2670	2905
2670	2906
2672	2908
2673	2909
2674	2910
2675	2911
2676	2912
2677	2913
2678	2914
2679	2915
2680	2916
2682	2918
2683	2919
2684	2920
2685	2921
2686	2922
2686	2923
2687	2924
2688	2925
2689	2926
2691	2928
2692	2929
2693	2930
2694	2931
2695	2932
2696	2933
2697	2934
2698	2935
2699	2936
2701	2938
2702	2939
2703	2940
2703	2941
2704	2942
2705	2943
2706	2944
2707	2945
2708	2946
2710	2948
2711	2949
2712	2950
2713	2951
2714	2952
2715	2953
2716	2954
2717	2955
2718	2956
2720	2958
2721	2959
2721	2960
2722	2961
2723	2962
2724	2963
2725	2964
2726	2965
2727	2966
2729	2968
2730	2969
2731	2970
2732	2971
2733	2972
2734	2973
2735	2974
2736	2975
2737	2976
2738	2978
2739	2979
2740	2980
2741	2981
2742	2982
2743	2983
2744	2984
2745	2985
2746	2986
2748	2988
2749	2989
2750	2990
2751	2991
2752	2992
2753	2993
2754	2994
2755	2995
2756	2996
2756	2997
2758	2999
2759	3000
2760	3001
2761	3002
2762	3003
2763	3004
2764	3005
2765	3006
2766	3007
2768	3009
2769	3010
2770	3011
2771	3012
2772	3013
2773	3014
2774	3015
2775	3016
2775	3017
2777	3019
2778	3020
2779	3021
2780	3022
2781	3023
2782	3024
2783	3025
2784	3026
2785	3027
2786	3028
2788	3030
2789	3031
2790	3032
2791	3033
2792	3034
2793	3035
2794	3036
2794	3037
2795	3038
2797	3040
2798	3041
2799	3042
2800	3043
2801	3044
2802	3045
2803	3046
2804	3047
2805	3048
2806	3049
2808	3051
2809	3052
2810	3053
2811	3054
2812	3055
2813	3056
2813	3057
2814	3058
2815	3059
2817	3061
2818	3062
2819	3063
2820	3064
2821	3065
2822	3066
2823	3067
2824	3068
2825	3069
2826	3070
2828	3072
2829	3073
2830	3074
2831	3075
2832	3076
2833	3077
2833	3078
2834	3079
2835	3080
2836	3081
2838	3083
2839	3084
2840	3085
2841	3086
2842	3087
2843	3088
2844	3089
2845	3090
2846	3091
2848	3093
2849	3094
2850	3095
2851	3096
2852	3097
2853	3098
2854	3099
2854	3100
2855	3101
2856	3102
2858	3104
2859	3105
2860	3106
2861	3107
2862	3108
2863	3109
2864	3110
2865	3111
2866	3112
2867	3113
2869	3115
2870	3116
2871	3117
2872	3118
2873	3119
2874	3120
2875	3121
2875	3122
2876	3123
2877	3124
2879	3126
2880	3127
2881	3128
2882	3129
2883	3130
2884	3131
2885	3132
2886	3133
2887	3134
2888	3135
2890	3137
2891	3138
2892	3139
2893	3140
2894	3141
2895	3142
2896	3143
2897	3144
2897	3145
2898	3146
2900	3148
2901	3149
2902	3150
2903	3151
2904	3152
2905	3153
2906	3154
2907	3155
2908	3156
2909	3157
2911	3159
2912	3160
2913	3161
2914	3162
2915	3163
2916	3164
2917	3165
2918	3166
2919	3167
2919	3168
2920	3169
2922	3171
2923	3172
2924	3173
2925	3174
2926	3175
2927	3176
2928	3177
2929	3178
2930	3179
2931	3180
2933	3182
2934	3183
2935	3184
2936	3185
2937	3186
2938	3187
2939	3188
2940	3189
2941	3190
2942	3191
2943	3193
2944	3194
2945	3195
2946	3196
2947	3197
2948	3198
2949	3199
2950	3200
2951	3201
2952	3202
2953	3203
2955	3205
2956	3206
2957	3207
2958	3208
2959	3209
2960	3210
2961	3211
2962	3212
2963	3213
2964	3214
2966	3216
2967	3217
2967	3218
2968	3219
2969	3220
2970	3221
2971	3222
2972	3223
2973	3224
2974	3225
2975	3226
2977	3228
2978	3229
2979	3230
2980	3231
2981	3232
2982	3233
2983	3234
2984	3235
2985	3236
2986	3237
2987	3238
2989	3240
2990	3241
2991	3242
2992	3243
2993	3244
2993	3245
2994	3246
2995	3247
2996	3248
2997	3249
2999	3251
3000	3252
3001	3253
3002	3254
3003	3255
3004	3256
3005	3257
3006	3258
3007	3259
3008	3260
3009	3261
3011	3263
3012	3264
3013	3265
3014	3266
3015	3267
3016	3268
3017	3269
3018	3270
3019	3271
3019	3272
3020	3273
3022	3275
3023	3276
3024	3277
3025	3278
3026	3279
3027	3280
3028	3281
3029	3282
3030	3283
3031	3284
3032	3285
3034	3287
3035	3288
3036	3289
3037	3290
3038	3291
3039	3292
3040	3293
3041	3294
3042	3295
3043	3296
3044	3297
3046	3299
3047	3300
3047	3301
3048	3302
3049	3303
3050	3304
3051	3305
3052	3306
3053	3307
3054	3308
3055	3309
3057	3311
3058	3312
3059	3313
3060	3314
3061	3315
3062	3316
3063	3317
3064	3318
3065	3319
3066	3320
3067	3321
3068	3322
3070	3324
3071	3325
3072	3326
3073	3327
3074	3328
3075	3329
3076	3330
3077	3331
3077	3332
3078	3333
3079	3334
3081	3336
3082	3337
3083	3338
3084	3339
3085	3340
3086	3341
3087	3342
3088	3343
3089	3344
3090	3345
3091	3346
3092	3347
3094	3349
3095	3350
3096	3351
3097	3352
3098	3353
3099	3354
3100	3355
3101	3356
3102	3357
3103	3358
3104	3359
3106	3361
3107	3362
3108	3363
3108	3364
3109	3365
3110	3366
3111	3367
3112	3368
3113	3369
3114	3370
3115	3371
3116	3372
3118	3374
3119	3375
3120	3376
3121	3377
3122	3378
3123	3379
3124	3380
3125	3381
3126	3382
3127	3383
3128	3384
3129	3385
3131	3387
3132	3388
3133	3389
3134	3390
3135	3391
3136	3392
3137	3393
3138	3394
3139	3395
3140	3396
3141	3397
3142	3398
3143	3400
3144	3401
3145	3402
3146	3403
3147	3404
3148	3405
3149	3406
3150	3407
3151	3408
3152	3409
3153	3410
3154	3411
3156	3413
3157	3414
3158	3415
3159	3416
3160	3417
3161	3418
3162	3419
3163	3420
3164	3421
3165	3422
3166	3423
3167	3424
3169	3426
3170	3427
3171	3428
3172	3429
3173	3430
3174	3431
3175	3432
3176	3433
3177	3434
3178	3435
3178	3436
3179	3437
3181	3439
3182	3440
3183	3441
3184	3442
3185	3443
3186	3444
3187	3445
3188	3446
3189	3447
3190	3448
3191	3449
3192	3450
3194	3452
3195	3453
3196	3454
3197	3455
3198	3456
3199	3457
3200	3458
3201	3459
3202	3460
3203	3461
3204	3462
3205	3463
3206	3464
3208	3466
3209	3467
3210	3468
3211	3469
3212	3470
3213	3471
3214	3472
3215	3473
3216	3474
3217	3475
3218	3476
3219	3477
3219	3478
3221	3480
3222	3481
3223	3482
3224	3483
3225	3484
3226	3485
3227	3486
3228	3487
3229	3488
3230	3489
3231	3490
3232	3491
3234	3493
3235	3494
3236	3495
3237	3496
3238	3497
3239	3498
3240	3499
3241	3500
3242	3501
3243	3502
3244	3503
3245	3504
3246	3505
3248	3507
3249	3508
3250	3509
3251	3510
3252	3511
3253	3512
3254	3513
3255	3514
3256	3515
3257	3516
3258	3517
3259	3518
3260	3519
3262	3521
3263	3522
3264	3523
3264	3524
3265	3525
3266	3526
3267	3527
3268	3528
3269	3529
3270	3530
3271	3531
3272	3532
3273	3533
3274	3534
3276	3536
3277	3537
3278	3538
3279	3539
3280	3540
3281	3541
3282	3542
3283	3543
3284	3544
3285	3545
3286	3546
3287	3547
3288	3548
3290	3550
3291	3551
3292	3552
3293	3553
3294	3554
3295	3555
3296	3556
3297	3557
3298	3558
3299	3559
3300	3560
3301	3561
3302	3562
3303	3563
3305	3565
3306	3566
3307	3567
3308	3568
3309	3569
3310	3570
3311	3571
3312	3572
3313	3573
3314	3574
3315	3575
3316	3576
3316	3577
3317	3578
3319	3580
3320	3581
3321	3582
3322	3583
3323	3584
3324	3585
3325	3586
3326	3587
3327	3588
3328	3589
3329	3590
3330	3591
3331	3592
3333	3594
3334	3595
3335	3596
3336	3597
3337	3598
3338	3599
3339	3600
3340	3601
3341	3602
3342	3603
3343	3604
3344	3605
3345	3606
3346	3607
3347	3608
3349	3610
3350	3611
3351	3612
3352	3613
3353	3614
3354	3615
3355	3616
3356	3617
3357	3618
3358	3619
3359	3620
3360	3621
3361	3622
3362	3623
3364	3625
3365	3626
3366	3627
3367	3628
3368	3629
3369	3630
3370	3631
3371	3632
3372	3633
3373	3634
3374	3635
3375	3636
3376	3637
3377	3638
3378	3639
3380	3641
3381	3642
3381	3643
3382	3644
3383	3645
3384	3646
3385	3647
3386	3648
3387	3649
3388	3650
3389	3651
3390	3652
3391	3653
3392	3654
3394	3656
3395	3657
3396	3658
3397	3659
3398	3660
3399	3661
3400	3662
3401	3663
3402	3664
3403	3665
3404	3666
3405	3667
3406	3668
3407	3669
3408	3670
3410	3672
3411	3673
3412	3674
3413	3675
3414	3676
3415	3677
3416	3678
3417	3679
3418	3680
3419	3681
3420	3682
3421	3683
3422	3684
3423	3685
3424	3686
3425	3687
3427	3689
3428	3690
3429	3691
3430	3692
3431	3693
3432	3694
3433	3695
3434	3696
3435	3697
3436	3698
3437	3699
3438	3700
3439	3701
3440	3702
3441	3703
3443	3705
3444	3706
3445	3707
3446	3708
3447	3709
3448	3710
3449	3711
3450	3712
3451	3713
3452	3714
3453	3715
3454	3716
3455	3717
3456	3718
3457	3719
3458	3720
3460	3722
3461	3723
3462	3724
3463	3725
3464	3726
3465	3727
3466	3728
3467	3729
3468	3730
3469	3731
3470	3732
3471	3733
3472	3734
3473	3735
3474	3736
3475	3737
3477	3739
3478	3740
3479	3741
3479	3742
3480	3743
3481	3744
3482	3745
3483	3746
3484	3747
3485	3748
3486	3749
3487	3750
3488	3751
3489	3752
3490	3753
3491	3754
3493	3756
3494	3757
3495	3758
3496	3759
3497	3760
3498	3761
3499	3762
3500	3763
3501	3764
3502	3765
3503	3766
3504	3767
3505	3768
3506	3769
3507	3770
3508	3771
3509	3772
3511	3774
3512	3775
3513	3776
3514	3777
3515	3778
3516	3779
3517	3780
3518	3781
3519	3782
3520	3783
3521	3784
3522	3785
3523	3786
3524	3787
3525	3788
3526	3789
3527	3790
3529	3792
3530	3793
3531	3794
3532	3795
3533	3796
3534	3797
3535	3798
3536	3799
3537	3800
3538	3801
3539	3802
3540	3803
3541	3804
3542	3805
3543	3806
3544	3807
3545	3808
3547	3810
3548	3811
3549	3812
3550	3813
3551	3814
3552	3815
3553	3816
3554	3817
3555	3818
3556	3819
3557	3820
3558	3821
3559	3822
3560	3823
3561	3824
3562	3825
3563	3826
3564	3827
3566	3829
3567	3830
3568	3831
3569	3832
3570	3833
3571	3834
3572	3835
3573	3836
3574	3837
3575	3838
3576	3839
3577	3840
3578	3841
3579	3842
3580	3843
3581	3844
3582	3845
3583	3846
3585	3848
3586	3849
3587	3850
3588	3851
3589	3852
3590	3853
3591	3854
3592	3855
3593	3856
3594	3857
3595	3858
3596	3859
3597	3860
3598	3861
3599	3862
3600	3863
3601	3864
3602	3865
3603	3866
3605	3868
3606	3869
3607	3870
3608	3871
3609	3872
3610	3873
3611	3874
3612	3875
3613	3876
3614	3877
3615	3878
3616	3879
3617	3880
3618	3881
3619	3882
3620	3883
3621	3884
3622	3885
3623	3886
3625	3888
3626	3889
3627	3890
3628	3891
3629	3892
3630	3893
3631	3894
3632	3895
3633	3896
3634	3897
3635	3898
3636	3899
3637	3900
3638	3901
3639	3902
3640	3903
3641	3904
3642	3905
3643	3906
3645	3908
3646	3909
3647	3910
3648	3911
3649	3912
3650	3913
3651	3914
3652	3915
3653	3916
3654	3917
3655	3918
3656	3919
3657	3920
3658	3921
3659	3922
3660	3923
3661	3924
3662	3925
3663	3926
3664	3927
3666	3929
3667	3930
3668	3931
3669	3932
3670	3933
3671	3934
3672	3935
3673	3936
3674	3937
3675	3938
3676	3939
3677	3940
3678	3941
3679	3942
3680	3943
3681	3944
3682	3945
3683	3946
3684	3947
3685	3948
3686	3949
3688	3951
3689	3952
3690	3953
3691	3954
3692	3955
3693	3956
3694	3957
3695	3958
3696	3959
3697	3960
3698	3961
3699	3962
3700	3963
3701	3964
3702	3965
3703	3966
3704	3967
3705	3968
3706	3969
3707	3970
3708	3971
3710	3973
3711	3974
3712	3975
3713	3976
3714	3977
3715	3978
3716	3979
3717	3980
3718	3981
3719	3982
3721	3983
3722	3984
3723	3985
3724	3986
3725	3987
3726	3988
3727	3989
3728	3990
3729	3991
3730	3992
3731	3993
3732	3994
3734	3996
3735	3997
3736	3998
3737	3999
3738	4000
3739	4001
3740	4002
3741	4003
3742	4004
3743	4005
3744	4006
3745	4007
3746	4008
3747	4009
3748	4010
3749	4011
3750	4012
3751	4013
3752	4014
3753	4015
3754	4016
3755	4017
3756	4018
3758	4020
3759	4021
3760	4022
3761	4023
3762	4024
3763	4025
3764	4026
3765	4027
3766	4028
3767	4029
3768	4030
3769	4031
3770	4032
3771	4033
3772	4034
3773	4035
3774	4036
3775	4037
3776	4038
3777	4039
3778	4040
3779	4041
3780	4042
3781	4043
3783	4045
3784	4046
3785	4047
3786	4048
3787	4049
3788	4050
3789	4051
3790	4052
3791	4053
3792	4054
3793	4055
3794	4056
3795	4057
3796	4058
3797	4059
3798	4060
3799	4061
3800	4062
3801	4063
3802	4064
3803	4065
3804	4066
3805	4067
3806	4068
3807	4069
3809	4071
3810	4072
3811	4073
3812	4074
3813	4075
3814	4076
3815	4077
3816	4078
3817	4079
3818	4080
3820	4081
3821	4082
3822	4083
3823	4084
3824	4085
3825	4086
3826	4087
3827	4088
3828	4089
3829	4090
3830	4091
3831	4092
3832	4093
3833	4094
3834	4095
3834	4095
3834	4095
3834	4095
3834	4095
3834	4095
3834	4095
3834	4095
3834	4095
3834	4095
3834	4095
3834	4095
3834	4095
3834	4095
3834	4095
3834	4095
3834	4095
3834	4095
3834	4095
3834	4095
3834	4095
3834	4095
3834	4095
3834	4095
3834	4095
3834	4095
3834	4095
3834	4095
3834	4095
3834	4095
3834	4095
3834	4095
3834	4095
3834	4095
3834	4095
3834	4095
3834	4095
3834	4095
3834	4095
3834	4095
3834	4095
3834	4095
3834	4095
3834	4095
3834	4095
3834	4095
3834	4095
3834	4095
3834	4095
3834	4095
3834	4095
3834	4095
3834	4095
3834	4095
3834	4095
3834	4095
3834	4095
3834	4095
3834	4095
3834	4095
3834	4095
3834	4095
3834	4095
3834	4095
3834	4095
3834	4095
3834	4095
3834	4095
3834	4095
3834	4095
3834	4095
3834	4095
3834	4095
3834	4095
3834	4095
3834	4095
3834	4095
3834	4095
3834	4095
3834	4095
3834	4095
3834	4095
3834	4095
3834	4095
3834	4095
3834	4095
3834	4095
3834	4095
3834	4095
3834	4095
3834	4095
3834	4095
3834	4095
3834	4095
3834	4095
3834	4095
3834	4095
3834	4095
3834	4095
3834	4095
3834	4095
3834	4095
3834	4095
3834	4095
3834	4095
3834	4095
3834	4095
3834	4095
3834	4095
3834	4095
3834	4095
3834	4095
3834	4095
3834	4095
3834	4095
3834	4095
3834	4095
3834	4095
3834	4095
3834	4095
3834	4095
3834	4095
3834	4095
3834	4095
3834	4095
3834	4095
3834	4095
3834	4095
3834	4095
3834	4095
3834	4095
3834	4095
3834	4095
3834	4095
3834	4095
3834	4095
3834	4095
3834	4095
3834	4095
3834	4095
3834	4095
3834	4095
3834	4095
3834	4095
3834	4095
3834	4095
3834	4095
3834	4095
3834	4095
3834	4095
3834	4095
3834	4095
3834	4095
3834	4095
3834	4095
3834	4095
3834	4095
3834	4095
3834	4095
3834	4095
3834	4095
3834	4095
3834	4095
3834	4095
3834	4095
3834	4095
3834	4095
3834	4095
3834	4095
3834	4095
3834	4095
3834	4095
3834	4095
3834	4095
3834	4095
3834	4095
3834	4095
3834	4095
3834	4095
3834	4095
3834	4095
3834	4095
3834	4095
3834	4095
3834	4095
3834	4095
3834	4095
3834	4095
3834	4095
3834	4095
3834	4095
3834	4095
3834	4095
3834	4095
3834	4095
3834	4095
3834	4095
3834	4095
3834	4095
3834	4095
3834	4095
3834	4095
3834	4095
3834	4095
3834	4095
3834	4095
3834	4095
3834	4095
3834	4095
3834	4095
3834	4095
3834	4095
3834	4095
3834	4095
3834	4095
3834	4095
3834	4095
3834	4095
3834	4095
3834	4095
3834	4095
3834	4095
3834	4095
3834	4095
3834	4095
3834	4095
3834	4095
3834	4095
3834	4095
3834	4095
3834	4095
3834	4095
3834	4095
3834	4095
3834	4095
3834	4095
3834	4095
3834	4095
3834	4095
3834	4095
3834	4095
3834	4095
3834	4095
3834	4095
3834	4095
3834	4095
3834	4095
3834	4095
3834	4095
3834	4095
3834	4095
3834	4095
3834	4095
3834	4095
3834	4095
3834	4095
3834	4095
3834	4095
3834	4095
3834	4095
3834	4095
3834	4095
3834	4095
3834	4095
3834	4095
3834	4095
3834	4095
3834	4095
3834	4095
3834	4095
3834	4095
3834	4095
3834	4095
3834	4095
3834	4095
3834	4095
3834	4095
3834	4095
3834	4095
3834	4095
3834	4095
3834	4095
3834	4095
3834	4095
3834	4095
3834	4095
3834	4095
3834	4095
3834	4095
3834	4095
3834	4095
3834	4095
3834	4095
3834	4095
3834	4095
3834	4095
3834	4095
3834	4095
3834	4095
3834	4095
3834	4095
3834	4095
3834	4095
3834	4095
3834	4095
3834	4095
3834	4095
3834	4095
3834	4095
3834	4095
3834	4095
3834	4095
3834	4095
3834	4095
3834	4095
3834	4095
3834	4095
3834	4095
3834	4095
3834	4095
3834	4095
3834	4095
3834	4095
3834	4095
3834	4095
3834	4095
3834	4095
3834	4095
3834	4095
