0.100000	259
0.101250	260
0.102500	262
0.103750	262
0.105000	263
0.106250	264
0.107500	265
0.108750	266
0.110000	267
0.111250	268
0.112500	269
0.113750	269
0.115000	271
0.116250	272
0.117500	272
0.118750	273
0.120000	274
0.121250	276
0.122500	276
0.123750	277
0.125000	278
0.126250	279
0.127500	280
0.128750	281
0.130000	282
0.131250	282
0.132500	283
0.133750	285
0.135000	286
0.136250	286
0.137500	287
0.138750	288
0.140000	289
0.141250	290
0.142500	291
0.143750	292
0.145000	293
0.146250	293
0.147500	295
0.148750	296
0.150000	296
0.151250	297
0.152500	298
0.153750	300
0.155000	300
0.156250	301
0.157500	302
0.158750	303
0.160000	304
0.161250	305
0.162500	306
0.163750	307
0.165000	307
0.166250	309
0.167500	310
0.168750	310
0.170000	311
0.171250	312
0.172500	314
0.173750	314
0.175000	315
0.176250	316
0.177500	317
0.178750	318
0.180000	319
0.181250	320
0.182500	321
0.183750	321
0.185000	323
0.186250	324
0.187500	324
0.188750	325
0.190000	326
0.191250	328
0.192500	328
0.193750	329
0.195000	330
0.196250	331
0.197500	332
0.198750	333
0.200000	334
0.201250	335
0.202500	335
0.203750	337
0.205000	338
0.206250	339
0.207500	339
0.208750	340
0.210000	342
0.211250	342
0.212500	343
0.213750	344
0.215000	345
0.216250	346
0.217500	347
0.218750	348
0.220000	349
0.221250	349
0.222500	351
0.223750	352
0.225000	353
0.226250	353
0.227500	354
0.228750	356
0.230000	356
0.231250	357
0.232500	358
0.233750	359
0.235000	360
0.236250	361
0.237500	362
0.238750	363
0.240000	364
0.241250	365
0.242500	366
0.243750	367
0.245000	367
0.246250	368
0.247500	370
0.248750	371
0.250000	371
0.251250	372
0.252500	373
0.253750	374
0.255000	375
0.256250	376
0.257500	377
0.258750	378
0.260000	379
0.261250	380
0.262500	381
0.263750	382
0.265000	382
0.266250	383
0.267500	385
0.268750	385
0.270000	386
0.271250	387
0.272500	388
0.273750	389
0.275000	390
0.276250	391
0.277500	392
0.278750	392
0.280000	394
0.281250	395
0.282500	396
0.283750	396
0.285000	397
0.286250	399
0.287500	400
0.288750	400
0.290000	401
0.291250	402
0.292500	403
0.293750	404
0.295000	405
0.296250	406
0.297500	407
0.298750	408
0.300000	409
0.301250	410
0.302500	411
0.303750	411
0.305000	413
0.306250	414
0.307500	414
0.308750	415
0.310000	416
0.311250	418
0.312500	418
0.313750	419
0.315000	420
0.316250	421
0.317500	422
0.318750	423
0.320000	424
0.321250	425
0.322500	425
0.323750	427
0.325000	428
0.326250	429
0.327500	429
0.328750	430
0.330000	432
0.331250	433
0.332500	433
0.333750	434
0.335000	435
0.336250	437
0.337500	437
0.338750	438
0.340000	439
0.341250	440
0.342500	441
0.343750	442
0.345000	443
0.346250	444
0.347500	444
0.348750	446
0.350000	447
0.351250	448
0.352500	448
0.353750	449
0.355000	451
0.356250	451
0.357500	452
0.358750	453
0.360000	454
0.361250	455
0.362500	456
0.363750	457
0.365000	458
0.366250	459
0.367500	459
0.368750	461
0.370000	462
0.371250	463
0.372500	463
0.373750	464
0.375000	466
0.376250	466
0.377500	467
0.378750	468
0.380000	469
0.381250	470
0.382500	471
0.383750	472
0.385000	473
0.386250	474
0.387500	475
0.388750	476
0.390000	477
0.391250	478
0.392500	478
0.393750	480
0.395000	481
0.396250	482
0.397500	482
0.398750	483
0.400000	485
0.401250	485
0.402500	486
0.403750	487
0.405000	488
0.406250	489
0.407500	490
0.408750	491
0.410000	492
0.411250	493
0.412500	494
0.413750	495
0.415000	496
0.416250	497
0.417500	497
0.418750	499
0.420000	500
0.421250	501
0.422500	501
0.423750	502
0.425000	504
0.426250	504
0.427500	505
0.428750	506
0.430000	507
0.431250	508
0.432500	509
0.433750	510
0.435000	511
0.436250	512
0.437500	512
0.438750	514
0.440000	515
0.441250	516
0.442500	516
0.443750	517
0.445000	519
0.446250	520
0.447500	520
0.448750	521
0.450000	522
0.451250	524
0.452500	524
0.453750	525
0.455000	526
0.456250	527
0.457500	528
0.458750	529
0.460000	530
0.461250	531
0.462500	531
0.463750	533
0.465000	534
0.466250	535
0.467500	535
0.468750	536
0.470000	538
0.471250	539
0.472500	539
0.473750	540
0.475000	541
0.476250	543
0.477500	543
0.478750	544
0.480000	545
0.481250	546
0.482500	547
0.483750	548
0.485000	549
0.486250	550
0.487500	551
0.488750	552
0.490000	553
0.491250	554
0.492500	555
0.493750	555
0.495000	557
0.496250	558
0.497500	559
0.498750	559
0.500000	560
0.501250	561
0.502500	563
0.503750	563
0.505000	564
0.506250	565
0.507500	566
0.508750	567
0.510000	568
0.511250	569
0.512500	570
0.513750	571
0.515000	572
0.516250	573
0.517500	574
0.518750	574
0.520000	575
0.521250	577
0.522500	578
0.523750	578
0.525000	579
0.526250	580
0.527500	582
0.528750	582
0.530000	583
0.531250	584
0.532500	585
0.533750	586
0.535000	587
0.536250	588
0.537500	589
0.538750	590
0.540000	591
0.541250	592
0.542500	593
0.543750	594
0.545000	594
0.546250	596
0.547500	597
0.548750	598
0.550000	598
0.551250	599
0.552500	601
0.553750	602
0.555000	602
0.556250	603
0.557500	604
0.558750	605
0.560000	606
0.561250	607
0.562500	608
0.563750	609
0.565000	610
0.566250	611
0.567500	612
0.568750	613
0.570000	614
0.571250	614
0.572500	616
0.573750	617
0.575000	618
0.576250	618
0.577500	619
0.578750	621
0.580000	622
0.581250	622
0.582500	623
0.583750	624
0.585000	626
0.586250	626
0.587500	627
0.588750	628
0.590000	629
0.591250	631
0.592500	631
0.593750	632
0.595000	633
0.596250	634
0.597500	635
0.598750	636
0.600000	637
0.601250	638
0.602500	639
0.603750	640
0.605000	641
0.606250	642
0.607500	643
0.608750	643
0.610000	644
0.611250	646
0.612500	647
0.613750	647
0.615000	648
0.616250	649
0.617500	651
0.618750	651
0.620000	652
0.621250	653
0.622500	654
0.623750	655
0.625000	656
0.626250	657
0.627500	658
0.628750	659
0.630000	660
0.631250	661
0.632500	662
0.633750	663
0.635000	663
0.636250	665
0.637500	666
0.638750	667
0.640000	667
0.641250	668
0.642500	670
0.643750	671
0.645000	672
0.646250	672
0.647500	673
0.648750	675
0.650000	676
0.651250	676
0.652500	677
0.653750	678
0.655000	679
0.656250	680
0.657500	681
0.658750	682
0.660000	683
0.661250	684
0.662500	685
0.663750	686
0.665000	687
0.666250	688
0.667500	688
0.668750	690
0.670000	691
0.671250	692
0.672500	692
0.673750	693
0.675000	695
0.676250	696
0.677500	697
0.678750	697
0.680000	698
0.681250	700
0.682500	701
0.683750	701
0.685000	702
0.686250	703
0.687500	705
0.688750	705
0.690000	706
0.691250	707
0.692500	708
0.693750	709
0.695000	710
0.696250	711
0.697500	712
0.698750	713
0.700000	713
0.701250	715
0.702500	716
0.703750	717
0.705000	718
0.706250	718
0.707500	720
0.708750	721
0.710000	722
0.711250	722
0.712500	723
0.713750	725
0.715000	726
0.716250	726
0.717500	727
0.718750	728
0.720000	730
0.721250	730
0.722500	731
0.723750	732
0.725000	733
0.726250	735
0.727500	735
0.728750	736
0.730000	737
0.731250	738
0.732500	739
0.733750	740
0.735000	741
0.736250	742
0.737500	743
0.738750	743
0.740000	745
0.741250	746
0.742500	747
0.743750	747
0.745000	748
0.746250	750
0.747500	751
0.748750	752
0.750000	752
0.751250	753
0.752500	755
0.753750	756
0.755000	756
0.756250	757
0.757500	758
0.758750	760
0.760000	760
0.761250	761
0.762500	762
0.763750	763
0.765000	764
0.766250	765
0.767500	766
0.768750	767
0.770000	768
0.771250	769
0.772500	770
0.773750	771
0.775000	772
0.776250	773
0.777500	773
0.778750	775
0.780000	776
0.781250	777
0.782500	778
0.783750	778
0.785000	780
0.786250	781
0.787500	782
0.788750	782
0.790000	783
0.791250	785
0.792500	786
0.793750	786
0.795000	787
0.796250	788
0.797500	789
0.798750	791
0.800000	791
0.801250	792
0.802500	793
0.803750	794
0.805000	795
0.806250	796
0.807500	797
0.808750	798
0.810000	799
0.811250	800
0.812500	801
0.813750	802
0.815000	803
0.816250	804
0.817500	805
0.818750	806
0.820000	807
0.821250	808
0.822500	808
0.823750	810
0.825000	811
0.826250	812
0.827500	813
0.828750	813
0.830000	814
0.831250	816
0.832500	817
0.833750	817
0.835000	818
0.836250	819
0.837500	821
0.838750	822
0.840000	822
0.841250	823
0.842500	824
0.843750	826
0.845000	826
0.846250	827
0.847500	828
0.848750	829
0.850000	831
0.851250	831
0.852500	832
0.853750	833
0.855000	834
0.856250	835
0.857500	836
0.858750	837
0.860000	838
0.861250	839
0.862500	840
0.863750	841
0.865000	842
0.866250	843
0.867500	844
0.868750	844
0.870000	846
0.871250	847
0.872500	848
0.873750	849
0.875000	849
0.876250	851
0.877500	852
0.878750	853
0.880000	853
0.881250	854
0.882500	856
0.883750	857
0.885000	858
0.886250	858
0.887500	859
0.888750	860
0.890000	862
0.891250	862
0.892500	863
0.893750	864
0.895000	865
0.896250	867
0.897500	867
0.898750	868
0.900000	869
0.901250	870
0.902500	871
0.903750	872
0.905000	873
0.906250	874
0.907500	875
0.908750	876
0.910000	877
0.911250	878
0.912500	879
0.913750	880
0.915000	880
0.916250	882
0.917500	883
0.918750	884
0.920000	885
0.921250	885
0.922500	887
0.923750	888
0.925000	889
0.926250	890
0.927500	890
0.928750	892
0.930000	893
0.931250	894
0.932500	894
0.933750	895
0.935000	897
0.936250	898
0.937500	899
0.938750	899
0.940000	900
0.941250	901
0.942500	903
0.943750	903
0.945000	904
0.946250	905
0.947500	906
0.948750	908
0.950000	908
0.951250	909
0.952500	910
0.953750	911
0.955000	913
0.956250	913
0.957500	914
0.958750	915
0.960000	916
0.961250	917
0.962500	918
0.963750	919
0.965000	920
0.966250	921
0.967500	922
0.968750	923
0.970000	924
0.971250	925
0.972500	926
0.973750	927
0.975000	928
0.976250	929
0.977500	930
0.978750	931
0.980000	931
0.981250	933
0.982500	934
0.983750	935
0.985000	936
0.986250	936
0.987500	937
0.988750	939
0.990000	940
0.991250	941
0.992500	941
0.993750	942
0.995000	944
0.996250	945
0.997500	946
0.998750	946
1.000000	947
1.001250	949
1.002500	950
1.003750	950
1.005000	951
1.006250	952
1.007500	953
1.008750	955
1.010000	955
1.011250	956
1.012500	957
1.013750	958
1.015000	960
1.016250	960
1.017500	961
1.018750	962
1.020000	963
1.021250	965
1.022500	965
1.023750	966
1.025000	967
1.026250	968
1.027500	969
1.028750	970
1.030000	971
1.031250	972
1.032500	973
1.033750	974
1.035000	975
1.036250	976
1.037500	977
1.038750	978
1.040000	979
1.041250	980
1.042500	981
1.043750	982
1.045000	983
1.046250	984
1.047500	984
1.048750	986
1.050000	987
1.051250	988
1.052500	989
1.053750	989
1.055000	991
1.056250	992
1.057500	993
1.058750	994
1.060000	994
1.061250	996
1.062500	997
1.063750	998
1.065000	998
1.066250	999
1.067500	1000
1.068750	1002
1.070000	1003
1.071250	1003
1.072500	1004
1.073750	1005
1.075000	1007
1.076250	1008
1.077500	1008
1.078750	1009
1.080000	1010
1.081250	1012
1.082500	1013
1.083750	1013
1.085000	1014
1.086250	1015
1.087500	1016
1.088750	1018
1.090000	1018
1.091250	1019
1.092500	1020
1.093750	1021
1.095000	1023
1.096250	1023
1.097500	1024
1.098750	1025
1.100000	1026
1.101250	1028
1.102500	1028
1.103750	1029
1.105000	1030
1.106250	1031
1.107500	1032
1.108750	1033
1.110000	1034
1.111250	1035
1.112500	1036
1.113750	1037
1.115000	1038
1.116250	1039
1.117500	1040
1.118750	1041
1.120000	1042
1.121250	1043
1.122500	1044
1.123750	1045
1.125000	1046
1.126250	1047
1.127500	1048
1.128750	1049
1.130000	1050
1.131250	1051
1.132500	1052
1.133750	1053
1.135000	1054
1.136250	1055
1.137500	1056
1.138750	1057
1.140000	1058
1.141250	1058
1.142500	1060
1.143750	1061
1.145000	1062
1.146250	1063
1.147500	1063
1.148750	1065
1.150000	1066
1.151250	1067
1.152500	1068
1.153750	1068
1.155000	1070
1.156250	1071
1.157500	1072
1.158750	1073
1.160000	1073
1.161250	1074
1.162500	1076
1.163750	1077
1.165000	1078
1.166250	1078
1.167500	1079
1.168750	1081
1.170000	1082
1.171250	1083
1.172500	1083
1.173750	1084
1.175000	1085
1.176250	1087
1.177500	1088
1.178750	1088
1.180000	1089
1.181250	1090
1.182500	1092
1.183750	1093
1.185000	1093
1.186250	1094
1.187500	1095
1.188750	1097
1.190000	1098
1.191250	1098
1.192500	1099
1.193750	1100
1.195000	1101
1.196250	1103
1.197500	1103
1.198750	1104
1.200000	1105
1.201250	1106
1.202500	1108
1.203750	1108
1.205000	1109
1.206250	1110
1.207500	1111
1.208750	1112
1.210000	1114
1.211250	1114
1.212500	1115
1.213750	1116
1.215000	1117
1.216250	1119
1.217500	1119
1.218750	1120
1.220000	1121
1.221250	1122
1.222500	1124
1.223750	1124
1.225000	1125
1.226250	1126
1.227500	1127
1.228750	1128
1.230000	1129
1.231250	1130
1.232500	1131
1.233750	1132
1.235000	1133
1.236250	1134
1.237500	1135
1.238750	1136
1.240000	1137
1.241250	1138
1.242500	1139
1.243750	1140
1.245000	1141
1.246250	1142
1.247500	1143
1.248750	1144
1.250000	1145
1.251250	1146
1.252500	1147
1.253750	1148
1.255000	1149
1.256250	1150
1.257500	1151
1.258750	1152
1.260000	1153
1.261250	1154
1.262500	1155
1.263750	1156
1.265000	1157
1.266250	1158
1.267500	1159
1.268750	1160
1.270000	1161
1.271250	1162
1.272500	1163
1.273750	1164
1.275000	1165
1.276250	1166
1.277500	1167
1.278750	1168
1.280000	1169
1.281250	1170
1.282500	1171
1.283750	1171
1.285000	1173
1.286250	1174
1.287500	1175
1.288750	1176
1.290000	1177
1.291250	1178
1.292500	1179
1.293750	1180
1.295000	1181
1.296250	1182
1.297500	1182
1.298750	1184
1.300000	1185
1.301250	1186
1.302500	1187
1.303750	1187
1.305000	1189
1.306250	1190
1.307500	1191
1.308750	1192
1.310000	1193
1.311250	1193
1.312500	1195
1.313750	1196
1.315000	1197
1.316250	1198
1.317500	1198
1.318750	1200
1.320000	1201
1.321250	1202
1.322500	1203
1.323750	1204
1.325000	1204
1.326250	1206
1.327500	1207
1.328750	1208
1.330000	1209
1.331250	1209
1.332500	1211
1.333750	1212
1.335000	1213
1.336250	1214
1.337500	1214
1.338750	1215
1.340000	1217
1.341250	1218
1.342500	1219
1.343750	1220
1.345000	1220
1.346250	1222
1.347500	1223
1.348750	1224
1.350000	1225
1.351250	1225
1.352500	1226
1.353750	1228
1.355000	1229
1.356250	1230
1.357500	1231
1.358750	1231
1.360000	1233
1.361250	1234
1.362500	1235
1.363750	1236
1.365000	1236
1.366250	1237
1.367500	1239
1.368750	1240
1.370000	1241
1.371250	1242
1.372500	1242
1.373750	1244
1.375000	1245
1.376250	1246
1.377500	1247
1.378750	1247
1.380000	1248
1.381250	1250
1.382500	1251
1.383750	1252
1.385000	1253
1.386250	1253
1.387500	1255
1.388750	1256
1.390000	1257
1.391250	1258
1.392500	1258
1.393750	1259
1.395000	1261
1.396250	1262
1.397500	1263
1.398750	1264
1.400000	1264
1.401250	1265
1.402500	1267
1.403750	1268
1.405000	1269
1.406250	1270
1.407500	1270
1.408750	1272
1.410000	1273
1.411250	1274
1.412500	1275
1.413750	1275
1.415000	1276
1.416250	1278
1.417500	1279
1.418750	1280
1.420000	1281
1.421250	1281
1.422500	1283
1.423750	1284
1.425000	1285
1.426250	1286
1.427500	1287
1.428750	1287
1.430000	1289
1.431250	1290
1.432500	1291
1.433750	1292
1.435000	1292
1.436250	1294
1.437500	1295
1.438750	1296
1.440000	1297
1.441250	1298
1.442500	1298
1.443750	1300
1.445000	1301
1.446250	1302
1.447500	1303
1.448750	1304
1.450000	1304
1.451250	1306
1.452500	1307
1.453750	1308
1.455000	1309
1.456250	1309
1.457500	1311
1.458750	1312
1.460000	1313
1.461250	1314
1.462500	1315
1.463750	1315
1.465000	1317
1.466250	1318
1.467500	1319
1.468750	1320
1.470000	1321
1.471250	1321
1.472500	1323
1.473750	1324
1.475000	1325
1.476250	1326
1.477500	1327
1.478750	1328
1.480000	1329
1.481250	1330
1.482500	1331
1.483750	1332
1.485000	1333
1.486250	1334
1.487500	1335
1.488750	1336
1.490000	1337
1.491250	1338
1.492500	1339
1.493750	1340
1.495000	1341
1.496250	1342
1.497500	1343
1.498750	1344
1.500000	1345
1.501250	1346
1.502500	1347
1.503750	1348
1.505000	1349
1.506250	1350
1.507500	1351
1.508750	1352
1.510000	1353
1.511250	1354
1.512500	1355
1.513750	1356
1.515000	1357
1.516250	1358
1.517500	1359
1.518750	1360
1.520000	1361
1.521250	1362
1.522500	1363
1.523750	1364
1.525000	1365
1.526250	1366
1.527500	1367
1.528750	1368
1.530000	1369
1.531250	1370
1.532500	1371
1.533750	1372
1.535000	1374
1.536250	1374
1.537500	1375
1.538750	1376
1.540000	1377
1.541250	1378
1.542500	1380
1.543750	1380
1.545000	1381
1.546250	1382
1.547500	1383
1.548750	1384
1.550000	1386
1.551250	1386
1.552500	1387
1.553750	1388
1.555000	1389
1.556250	1390
1.557500	1392
1.558750	1392
1.560000	1393
1.561250	1394
1.562500	1395
1.563750	1397
1.565000	1398
1.566250	1398
1.567500	1399
1.568750	1400
1.570000	1401
1.571250	1403
1.572500	1404
1.573750	1404
1.575000	1405
1.576250	1406
1.577500	1407
1.578750	1409
1.580000	1410
1.581250	1410
1.582500	1411
1.583750	1412
1.585000	1414
1.586250	1415
1.587500	1416
1.588750	1416
1.590000	1417
1.591250	1418
1.592500	1420
1.593750	1421
1.595000	1422
1.596250	1422
1.597500	1423
1.598750	1424
1.600000	1426
1.601250	1427
1.602500	1428
1.603750	1428
1.605000	1429
1.606250	1430
1.607500	1432
1.608750	1433
1.610000	1434
1.611250	1434
1.612500	1435
1.613750	1437
1.615000	1438
1.616250	1439
1.617500	1440
1.618750	1440
1.620000	1441
1.621250	1443
1.622500	1444
1.623750	1445
1.625000	1446
1.626250	1447
1.627500	1447
1.628750	1449
1.630000	1450
1.631250	1451
1.632500	1452
1.633750	1453
1.635000	1453
1.636250	1455
1.637500	1456
1.638750	1457
1.640000	1458
1.641250	1459
1.642500	1459
1.643750	1461
1.645000	1462
1.646250	1463
1.647500	1464
1.648750	1465
1.650000	1466
1.651250	1467
1.652500	1468
1.653750	1469
1.655000	1470
1.656250	1471
1.657500	1472
1.658750	1473
1.660000	1474
1.661250	1475
1.662500	1476
1.663750	1477
1.665000	1478
1.666250	1479
1.667500	1480
1.668750	1481
1.670000	1482
1.671250	1483
1.672500	1484
1.673750	1485
1.675000	1486
1.676250	1487
1.677500	1488
1.678750	1489
1.680000	1491
1.681250	1491
1.682500	1492
1.683750	1493
1.685000	1494
1.686250	1496
1.687500	1497
1.688750	1497
1.690000	1498
1.691250	1499
1.692500	1500
1.693750	1502
1.695000	1503
1.696250	1503
1.697500	1504
1.698750	1505
1.700000	1506
1.701250	1508
1.702500	1509
1.703750	1510
1.705000	1510
1.706250	1511
1.707500	1512
1.708750	1514
1.710000	1515
1.711250	1516
1.712500	1516
1.713750	1517
1.715000	1518
1.716250	1520
1.717500	1521
1.718750	1522
1.720000	1523
1.721250	1523
1.722500	1524
1.723750	1526
1.725000	1527
1.726250	1528
1.727500	1529
1.728750	1529
1.730000	1530
1.731250	1532
1.732500	1533
1.733750	1534
1.735000	1535
1.736250	1536
1.737500	1536
1.738750	1538
1.740000	1539
1.741250	1540
1.742500	1541
1.743750	1542
1.745000	1543
1.746250	1544
1.747500	1545
1.748750	1546
1.750000	1547
1.751250	1548
1.752500	1549
1.753750	1550
1.755000	1551
1.756250	1552
1.757500	1553
1.758750	1554
1.760000	1556
1.761250	1556
1.762500	1557
1.763750	1558
1.765000	1559
1.766250	1560
1.767500	1562
1.768750	1562
1.770000	1563
1.771250	1564
1.772500	1565
1.773750	1566
1.775000	1568
1.776250	1569
1.777500	1569
1.778750	1570
1.780000	1571
1.781250	1572
1.782500	1574
1.783750	1575
1.785000	1576
1.786250	1576
1.787500	1577
1.788750	1578
1.790000	1580
1.791250	1581
1.792500	1582
1.793750	1582
1.795000	1583
1.796250	1584
1.797500	1586
1.798750	1587
1.800000	1588
1.801250	1589
1.802500	1589
1.803750	1590
1.805000	1592
1.806250	1593
1.807500	1594
1.808750	1595
1.810000	1596
1.811250	1596
1.812500	1598
1.813750	1599
1.815000	1600
1.816250	1601
1.817500	1602
1.818750	1603
1.820000	1604
1.821250	1605
1.822500	1606
1.823750	1607
1.825000	1608
1.826250	1609
1.827500	1610
1.828750	1611
1.830000	1612
1.831250	1613
1.832500	1614
1.833750	1615
1.835000	1616
1.836250	1617
1.837500	1618
1.838750	1619
1.840000	1620
1.841250	1621
1.842500	1623
1.843750	1623
1.845000	1624
1.846250	1625
1.847500	1626
1.848750	1627
1.850000	1629
1.851250	1630
1.852500	1630
1.853750	1631
1.855000	1632
1.856250	1633
1.857500	1635
1.858750	1636
1.860000	1637
1.861250	1637
1.862500	1638
1.863750	1639
1.865000	1641
1.866250	1642
1.867500	1643
1.868750	1644
1.870000	1644
1.871250	1645
1.872500	1647
1.873750	1648
1.875000	1649
1.876250	1650
1.877500	1651
1.878750	1651
1.880000	1653
1.881250	1654
1.882500	1655
1.883750	1656
1.885000	1657
1.886250	1658
1.887500	1659
1.888750	1660
1.890000	1661
1.891250	1662
1.892500	1663
1.893750	1664
1.895000	1665
1.896250	1666
1.897500	1667
1.898750	1668
1.900000	1669
1.901250	1670
1.902500	1672
1.903750	1672
1.905000	1673
1.906250	1674
1.907500	1675
1.908750	1676
1.910000	1678
1.911250	1679
1.912500	1679
1.913750	1680
1.915000	1681
1.916250	1682
1.917500	1684
1.918750	1685
1.920000	1686
1.921250	1687
1.922500	1687
1.923750	1688
1.925000	1689
1.926250	1691
1.927500	1692
1.928750	1693
1.930000	1694
1.931250	1694
1.932500	1695
1.933750	1697
1.935000	1698
1.936250	1699
1.937500	1700
1.938750	1701
1.940000	1701
1.941250	1703
1.942500	1704
1.943750	1705
1.945000	1706
1.946250	1707
1.947500	1708
1.948750	1709
1.950000	1710
1.951250	1711
1.952500	1712
1.953750	1713
1.955000	1714
1.956250	1716
1.957500	1716
1.958750	1717
1.960000	1718
1.961250	1719
1.962500	1720
1.963750	1722
1.965000	1723
1.966250	1723
1.967500	1724
1.968750	1725
1.970000	1726
1.971250	1728
1.972500	1729
1.973750	1730
1.975000	1730
1.976250	1731
1.977500	1732
1.978750	1733
1.980000	1735
1.981250	1736
1.982500	1737
1.983750	1738
1.985000	1738
1.986250	1739
1.987500	1741
1.988750	1742
1.990000	1743
1.991250	1744
1.992500	1745
1.993750	1745
1.995000	1747
1.996250	1748
1.997500	1749
1.998750	1750
2.000000	1751
2.001250	1752
2.002500	1753
2.003750	1754
2.005000	1755
2.006250	1756
2.007500	1757
2.008750	1758
2.010000	1759
2.011250	1760
2.012500	1761
2.013750	1762
2.015000	1763
2.016250	1764
2.017500	1765
2.018750	1767
2.020000	1768
2.021250	1768
2.022500	1769
2.023750	1770
2.025000	1771
2.026250	1773
2.027500	1774
2.028750	1775
2.030000	1775
2.031250	1776
2.032500	1777
2.033750	1779
2.035000	1780
2.036250	1781
2.037500	1782
2.038750	1783
2.040000	1783
2.041250	1784
2.042500	1786
2.043750	1787
2.045000	1788
2.046250	1789
2.047500	1790
2.048750	1791
2.050000	1792
2.051250	1793
2.052500	1794
2.053750	1795
2.055000	1796
2.056250	1797
2.057500	1798
2.058750	1799
2.060000	1800
2.061250	1801
2.062500	1802
2.063750	1803
2.065000	1805
2.066250	1806
2.067500	1806
2.068750	1807
2.070000	1808
2.071250	1809
2.072500	1810
2.073750	1812
2.075000	1813
2.076250	1814
2.077500	1814
2.078750	1815
2.080000	1816
2.081250	1818
2.082500	1819
2.083750	1820
2.085000	1821
2.086250	1822
2.087500	1822
2.088750	1824
2.090000	1825
2.091250	1826
2.092500	1827
2.093750	1828
2.095000	1829
2.096250	1829
2.097500	1831
2.098750	1832
2.100000	1833
2.101250	1834
2.102500	1835
2.103750	1836
2.105000	1837
2.106250	1838
2.107500	1839
2.108750	1840
2.110000	1841
2.111250	1842
2.112500	1843
2.113750	1845
2.115000	1845
2.116250	1846
2.117500	1847
2.118750	1848
2.120000	1849
2.121250	1851
2.122500	1852
2.123750	1853
2.125000	1853
2.126250	1854
2.127500	1855
2.128750	1857
2.130000	1858
2.131250	1859
2.132500	1860
2.133750	1861
2.135000	1861
2.136250	1862
2.137500	1864
2.138750	1865
2.140000	1866
2.141250	1867
2.142500	1868
2.143750	1869
2.145000	1870
2.146250	1871
2.147500	1872
2.148750	1873
2.150000	1874
2.151250	1875
2.152500	1876
2.153750	1878
2.155000	1878
2.156250	1879
2.157500	1880
2.158750	1881
2.160000	1882
2.161250	1884
2.162500	1885
2.163750	1886
2.165000	1886
2.166250	1887
2.167500	1888
2.168750	1889
2.170000	1891
2.171250	1892
2.172500	1893
2.173750	1894
2.175000	1894
2.176250	1895
2.177500	1897
2.178750	1898
2.180000	1899
2.181250	1900
2.182500	1901
2.183750	1902
2.185000	1902
2.186250	1904
2.187500	1905
2.188750	1906
2.190000	1907
2.191250	1908
2.192500	1909
2.193750	1911
2.195000	1911
2.196250	1912
2.197500	1913
2.198750	1914
2.200000	1915
2.201250	1916
2.202500	1918
2.203750	1919
2.205000	1919
2.206250	1920
2.207500	1921
2.208750	1922
2.210000	1924
2.211250	1925
2.212500	1926
2.213750	1927
2.215000	1927
2.216250	1928
2.217500	1929
2.218750	1931
2.220000	1932
2.221250	1933
2.222500	1934
2.223750	1935
2.225000	1936
2.226250	1937
2.227500	1938
2.228750	1939
2.230000	1940
2.231250	1941
2.232500	1942
2.233750	1943
2.235000	1944
2.236250	1945
2.237500	1946
2.238750	1947
2.240000	1948
2.241250	1949
2.242500	1951
2.243750	1952
2.245000	1953
2.246250	1953
2.247500	1954
2.248750	1955
2.250000	1956
2.251250	1958
2.252500	1959
2.253750	1960
2.255000	1961
2.256250	1962
2.257500	1962
2.258750	1963
2.260000	1965
2.261250	1966
2.262500	1967
2.263750	1968
2.265000	1969
2.266250	1970
2.267500	1971
2.268750	1972
2.270000	1973
2.271250	1974
2.272500	1975
2.273750	1976
2.275000	1977
2.276250	1979
2.277500	1979
2.278750	1980
2.280000	1981
2.281250	1982
2.282500	1983
2.283750	1984
2.285000	1986
2.286250	1987
2.287500	1988
2.288750	1988
2.290000	1989
2.291250	1990
2.292500	1992
2.293750	1993
2.295000	1994
2.296250	1995
2.297500	1996
2.298750	1997
2.300000	1997
2.301250	1999
2.302500	2000
2.303750	2001
2.305000	2002
2.306250	2003
2.307500	2004
2.308750	2005
2.310000	2006
2.311250	2007
2.312500	2008
2.313750	2009
2.315000	2010
2.316250	2011
2.317500	2013
2.318750	2014
2.320000	2014
2.321250	2015
2.322500	2016
2.323750	2017
2.325000	2018
2.326250	2020
2.327500	2021
2.328750	2022
2.330000	2023
2.331250	2023
2.332500	2024
2.333750	2025
2.335000	2027
2.336250	2028
2.337500	2029
2.338750	2030
2.340000	2031
2.341250	2032
2.342500	2033
2.343750	2034
2.345000	2035
2.346250	2036
2.347500	2037
2.348750	2038
2.350000	2039
2.351250	2041
2.352500	2042
2.353750	2042
2.355000	2043
2.356250	2044
2.357500	2045
2.358750	2046
2.360000	2048
2.361250	2049
2.362500	2050
2.363750	2051
2.365000	2051
2.366250	2052
2.367500	2053
2.368750	2055
2.370000	2056
2.371250	2057
2.372500	2058
2.373750	2059
2.375000	2060
2.376250	2060
2.377500	2062
2.378750	2063
2.380000	2064
2.381250	2065
2.382500	2066
2.383750	2067
2.385000	2068
2.386250	2070
2.387500	2070
2.388750	2071
2.390000	2072
2.391250	2073
2.392500	2074
2.393750	2075
2.395000	2077
2.396250	2078
2.397500	2079
2.398750	2079
2.400000	2080
2.401250	2081
2.402500	2083
2.403750	2084
2.405000	2085
2.406250	2086
2.407500	2087
2.408750	2088
2.410000	2088
2.411250	2090
2.412500	2091
2.413750	2092
2.415000	2093
2.416250	2094
2.417500	2095
2.418750	2096
2.420000	2098
2.421250	2098
2.422500	2099
2.423750	2100
2.425000	2101
2.426250	2102
2.427500	2103
2.428750	2105
2.430000	2106
2.431250	2107
2.432500	2108
2.433750	2108
2.435000	2109
2.436250	2110
2.437500	2112
2.438750	2113
2.440000	2114
2.441250	2115
2.442500	2116
2.443750	2117
2.445000	2117
2.446250	2119
2.447500	2120
2.448750	2121
2.450000	2122
2.451250	2123
2.452500	2124
2.453750	2125
2.455000	2127
2.456250	2127
2.457500	2128
2.458750	2129
2.460000	2130
2.461250	2131
2.462500	2132
2.463750	2134
2.465000	2135
2.466250	2136
2.467500	2137
2.468750	2137
2.470000	2138
2.471250	2139
2.472500	2141
2.473750	2142
2.475000	2143
2.476250	2144
2.477500	2145
2.478750	2146
2.480000	2147
2.481250	2148
2.482500	2149
2.483750	2150
2.485000	2151
2.486250	2152
2.487500	2153
2.488750	2154
2.490000	2156
2.491250	2157
2.492500	2157
2.493750	2158
2.495000	2159
2.496250	2160
2.497500	2161
2.498750	2163
2.500000	2164
2.501250	2165
2.502500	2166
2.503750	2167
2.505000	2167
2.506250	2168
2.507500	2170
2.508750	2171
2.510000	2172
2.511250	2173
2.512500	2174
2.513750	2175
2.515000	2176
2.516250	2177
2.517500	2178
2.518750	2179
2.520000	2180
2.521250	2181
2.522500	2182
2.523750	2183
2.525000	2184
2.526250	2186
2.527500	2187
2.528750	2187
2.530000	2188
2.531250	2189
2.532500	2190
2.533750	2191
2.535000	2193
2.536250	2194
2.537500	2195
2.538750	2196
2.540000	2197
2.541250	2198
2.542500	2198
2.543750	2200
2.545000	2201
2.546250	2202
2.547500	2203
2.548750	2204
2.550000	2205
2.551250	2206
2.552500	2208
2.553750	2208
2.555000	2209
2.556250	2210
2.557500	2211
2.558750	2212
2.560000	2213
2.561250	2215
2.562500	2216
2.563750	2217
2.565000	2218
2.566250	2219
2.567500	2219
2.568750	2220
2.570000	2221
2.571250	2223
2.572500	2224
2.573750	2225
2.575000	2226
2.576250	2227
2.577500	2228
2.578750	2229
2.580000	2230
2.581250	2231
2.582500	2232
2.583750	2233
2.585000	2234
2.586250	2235
2.587500	2236
2.588750	2238
2.590000	2239
2.591250	2240
2.592500	2240
2.593750	2241
2.595000	2242
2.596250	2243
2.597500	2244
2.598750	2246
2.600000	2247
2.601250	2248
2.602500	2249
2.603750	2250
2.605000	2251
2.606250	2251
2.607500	2253
2.608750	2254
2.610000	2255
2.611250	2256
2.612500	2257
2.613750	2258
2.615000	2259
2.616250	2261
2.617500	2262
2.618750	2262
2.620000	2263
2.621250	2264
2.622500	2265
2.623750	2266
2.625000	2267
2.626250	2269
2.627500	2270
2.628750	2271
2.630000	2272
2.631250	2272
2.632500	2273
2.633750	2274
2.635000	2276
2.636250	2277
2.637500	2278
2.638750	2279
2.640000	2280
2.641250	2281
2.642500	2282
2.643750	2284
2.645000	2284
2.646250	2285
2.647500	2286
2.648750	2287
2.650000	2288
2.651250	2289
2.652500	2290
2.653750	2292
2.655000	2293
2.656250	2294
2.657500	2295
2.658750	2295
2.660000	2296
2.661250	2297
2.662500	2299
2.663750	2300
2.665000	2301
2.666250	2302
2.667500	2303
2.668750	2304
2.670000	2305
2.671250	2306
2.672500	2307
2.673750	2308
2.675000	2309
2.676250	2310
2.677500	2311
2.678750	2312
2.680000	2313
2.681250	2315
2.682500	2316
2.683750	2317
2.685000	2318
2.686250	2318
2.687500	2319
2.688750	2320
2.690000	2321
2.691250	2323
2.692500	2324
2.693750	2325
2.695000	2326
2.696250	2327
2.697500	2328
2.698750	2329
2.700000	2330
2.701250	2331
2.702500	2332
2.703750	2333
2.705000	2334
2.706250	2335
2.707500	2336
2.708750	2337
2.710000	2339
2.711250	2340
2.712500	2341
2.713750	2341
2.715000	2342
2.716250	2343
2.717500	2344
2.718750	2345
2.720000	2347
2.721250	2348
2.722500	2349
2.723750	2350
2.725000	2351
2.726250	2352
2.727500	2353
2.728750	2354
2.730000	2355
2.731250	2356
2.732500	2357
2.733750	2358
2.735000	2359
2.736250	2360
2.737500	2361
2.738750	2363
2.740000	2364
2.741250	2364
2.742500	2365
2.743750	2366
2.745000	2367
2.746250	2368
2.747500	2369
2.748750	2371
2.750000	2372
2.751250	2373
2.752500	2374
2.753750	2375
2.755000	2376
2.756250	2377
2.757500	2378
2.758750	2379
2.760000	2380
2.761250	2381
2.762500	2382
2.763750	2383
2.765000	2384
2.766250	2385
2.767500	2387
2.768750	2388
2.770000	2389
2.771250	2389
2.772500	2390
2.773750	2391
2.775000	2392
2.776250	2393
2.777500	2395
2.778750	2396
2.780000	2397
2.781250	2398
2.782500	2399
2.783750	2400
2.785000	2401
2.786250	2401
2.787500	2403
2.788750	2404
2.790000	2405
2.791250	2406
2.792500	2407
2.793750	2408
2.795000	2409
2.796250	2411
2.797500	2412
2.798750	2413
2.800000	2414
2.801250	2414
2.802500	2415
2.803750	2416
2.805000	2417
2.806250	2419
2.807500	2420
2.808750	2421
2.810000	2422
2.811250	2423
2.812500	2424
2.813750	2425
2.815000	2426
2.816250	2427
2.817500	2428
2.818750	2429
2.820000	2430
2.821250	2431
2.822500	2432
2.823750	2433
2.825000	2434
2.826250	2436
2.827500	2437
2.828750	2438
2.830000	2439
2.831250	2439
2.832500	2440
2.833750	2441
2.835000	2442
2.836250	2444
2.837500	2445
2.838750	2446
2.840000	2447
2.841250	2448
2.842500	2449
2.843750	2450
2.845000	2451
2.846250	2452
2.847500	2453
2.848750	2454
2.850000	2455
2.851250	2456
2.852500	2457
2.853750	2458
2.855000	2459
2.856250	2461
2.857500	2462
2.858750	2463
2.860000	2464
2.861250	2465
2.862500	2465
2.863750	2466
2.865000	2467
2.866250	2469
2.867500	2470
2.868750	2471
2.870000	2472
2.871250	2473
2.872500	2474
2.873750	2475
2.875000	2476
2.876250	2478
2.877500	2478
2.878750	2479
2.880000	2480
2.881250	2481
2.882500	2482
2.883750	2483
2.885000	2484
2.886250	2486
2.887500	2487
2.888750	2488
2.890000	2489
2.891250	2490
2.892500	2491
2.893750	2492
2.895000	2492
2.896250	2494
2.897500	2495
2.898750	2496
2.900000	2497
2.901250	2498
2.902500	2499
2.903750	2500
2.905000	2501
2.906250	2503
2.907500	2504
2.908750	2505
2.910000	2505
2.911250	2506
2.912500	2507
2.913750	2508
2.915000	2509
2.916250	2511
2.917500	2512
2.918750	2513
2.920000	2514
2.921250	2515
2.922500	2516
2.923750	2517
2.925000	2518
2.926250	2519
2.927500	2520
2.928750	2521
2.930000	2522
2.931250	2523
2.932500	2524
2.933750	2525
2.935000	2526
2.936250	2527
2.937500	2529
2.938750	2530
2.940000	2531
2.941250	2532
2.942500	2533
2.943750	2533
2.945000	2534
2.946250	2535
2.947500	2537
2.948750	2538
2.950000	2539
2.951250	2540
2.952500	2541
2.953750	2542
2.955000	2543
2.956250	2544
2.957500	2545
2.958750	2547
2.960000	2547
2.961250	2548
2.962500	2549
2.963750	2550
2.965000	2551
2.966250	2552
2.967500	2553
2.968750	2555
2.970000	2556
2.971250	2557
2.972500	2558
2.973750	2559
2.975000	2560
2.976250	2561
2.977500	2562
2.978750	2563
2.980000	2564
2.981250	2565
2.982500	2566
2.983750	2567
2.985000	2568
2.986250	2569
2.987500	2570
2.988750	2571
2.990000	2573
2.991250	2574
2.992500	2575
2.993750	2576
2.995000	2576
2.996250	2577
2.997500	2578
2.998750	2579
3.000000	2581
3.001250	2582
3.002500	2583
3.003750	2584
3.005000	2585
3.006250	2586
3.007500	2587
3.008750	2588
3.010000	2589
3.011250	2591
3.012500	2591
3.013750	2592
3.015000	2593
3.016250	2594
3.017500	2595
3.018750	2596
3.020000	2597
3.021250	2599
3.022500	2600
3.023750	2601
3.025000	2602
3.026250	2603
3.027500	2604
3.028750	2605
3.030000	2606
3.031250	2607
3.032500	2608
3.033750	2609
3.035000	2610
3.036250	2611
3.037500	2612
3.038750	2613
3.040000	2614
3.041250	2615
3.042500	2617
3.043750	2618
3.045000	2619
3.046250	2620
3.047500	2621
3.048750	2622
3.050000	2622
3.051250	2623
3.052500	2624
3.053750	2626
3.055000	2627
3.056250	2628
3.057500	2629
3.058750	2630
3.060000	2631
3.061250	2632
3.062500	2633
3.063750	2634
3.065000	2636
3.066250	2637
3.067500	2638
3.068750	2638
3.070000	2639
3.071250	2640
3.072500	2641
3.073750	2642
3.075000	2644
3.076250	2645
3.077500	2646
3.078750	2647
3.080000	2648
3.081250	2649
3.082500	2650
3.083750	2651
3.085000	2652
3.086250	2654
3.087500	2654
3.088750	2655
3.090000	2656
3.091250	2657
3.092500	2658
3.093750	2659
3.095000	2660
3.096250	2661
3.097500	2663
3.098750	2664
3.100000	2665
3.101250	2666
3.102500	2667
3.103750	2668
3.105000	2669
3.106250	2670
3.107500	2670
3.108750	2672
3.110000	2673
3.111250	2674
3.112500	2675
3.113750	2676
3.115000	2677
3.116250	2678
3.117500	2679
3.118750	2680
3.120000	2682
3.121250	2683
3.122500	2684
3.123750	2685
3.125000	2686
3.126250	2686
3.127500	2687
3.128750	2688
3.130000	2689
3.131250	2691
3.132500	2692
3.133750	2693
3.135000	2694
3.136250	2695
3.137500	2696
3.138750	2697
3.140000	2698
3.141250	2699
3.142500	2701
3.143750	2702
3.145000	2703
3.146250	2703
3.147500	2704
3.148750	2705
3.150000	2706
3.151250	2707
3.152500	2708
3.153750	2710
3.155000	2711
3.156250	2712
3.157500	2713
3.158750	2714
3.160000	2715
3.161250	2716
3.162500	2717
3.163750	2718
3.165000	2720
3.166250	2721
3.167500	2721
3.168750	2722
3.170000	2723
3.171250	2724
3.172500	2725
3.173750	2726
3.175000	2727
3.176250	2729
3.177500	2730
3.178750	2731
3.180000	2732
3.181250	2733
3.182500	2734
3.183750	2735
3.185000	2736
3.186250	2737
3.187500	2738
3.188750	2739
3.190000	2740
3.191250	2741
3.192500	2742
3.193750	2743
3.195000	2744
3.196250	2745
3.197500	2746
3.198750	2748
3.200000	2749
3.201250	2750
3.202500	2751
3.203750	2752
3.205000	2753
3.206250	2754
3.207500	2755
3.208750	2756
3.210000	2756
3.211250	2758
3.212500	2759
3.213750	2760
3.215000	2761
3.216250	2762
3.217500	2763
3.218750	2764
3.220000	2765
3.221250	2766
3.222500	2768
3.223750	2769
3.225000	2770
3.226250	2771
3.227500	2772
3.228750	2773
3.230000	2774
3.231250	2775
3.232500	2775
3.233750	2777
3.235000	2778
3.236250	2779
3.237500	2780
3.238750	2781
3.240000	2782
3.241250	2783
3.242500	2784
3.243750	2785
3.245000	2786
3.246250	2788
3.247500	2789
3.248750	2790
3.250000	2791
3.251250	2792
3.252500	2793
3.253750	2794
3.255000	2794
3.256250	2795
3.257500	2797
3.258750	2798
3.260000	2799
3.261250	2800
3.262500	2801
3.263750	2802
3.265000	2803
3.266250	2804
3.267500	2805
3.268750	2806
3.270000	2808
3.271250	2809
3.272500	2810
3.273750	2811
3.275000	2812
3.276250	2813
3.277500	2813
3.278750	2814
3.280000	2815
3.281250	2817
3.282500	2818
3.283750	2819
3.285000	2820
3.286250	2821
3.287500	2822
3.288750	2823
3.290000	2824
3.291250	2825
3.292500	2826
3.293750	2828
3.295000	2829
3.296250	2830
3.297500	2831
3.298750	2832
3.300000	2833
3.301250	2833
3.302500	2834
3.303750	2835
3.305000	2836
3.306250	2838
3.307500	2839
3.308750	2840
3.310000	2841
3.311250	2842
3.312500	2843
3.313750	2844
3.315000	2845
3.316250	2846
3.317500	2848
3.318750	2849
3.320000	2850
3.321250	2851
3.322500	2852
3.323750	2853
3.325000	2854
3.326250	2854
3.327500	2855
3.328750	2856
3.330000	2858
3.331250	2859
3.332500	2860
3.333750	2861
3.335000	2862
3.336250	2863
3.337500	2864
3.338750	2865
3.340000	2866
3.341250	2867
3.342500	2869
3.343750	2870
3.345000	2871
3.346250	2872
3.347500	2873
3.348750	2874
3.350000	2875
3.351250	2875
3.352500	2876
3.353750	2877
3.355000	2879
3.356250	2880
3.357500	2881
3.358750	2882
3.360000	2883
3.361250	2884
3.362500	2885
3.363750	2886
3.365000	2887
3.366250	2888
3.367500	2890
3.368750	2891
3.370000	2892
3.371250	2893
3.372500	2894
3.373750	2895
3.375000	2896
3.376250	2897
3.377500	2897
3.378750	2898
3.380000	2900
3.381250	2901
3.382500	2902
3.383750	2903
3.385000	2904
3.386250	2905
3.387500	2906
3.388750	2907
3.390000	2908
3.391250	2909
3.392500	2911
3.393750	2912
3.395000	2913
3.396250	2914
3.397500	2915
3.398750	2916
3.400000	2917
3.401250	2918
3.402500	2919
3.403750	2919
3.405000	2920
3.406250	2922
3.407500	2923
3.408750	2924
3.410000	2925
3.411250	2926
3.412500	2927
3.413750	2928
3.415000	2929
3.416250	2930
3.417500	2931
3.418750	2933
3.420000	2934
3.421250	2935
3.422500	2936
3.423750	2937
3.425000	2938
3.426250	2939
3.427500	2940
3.428750	2941
3.430000	2942
3.431250	2943
3.432500	2944
3.433750	2945
3.435000	2946
3.436250	2947
3.437500	2948
3.438750	2949
3.440000	2950
3.441250	2951
3.442500	2952
3.443750	2953
3.445000	2955
3.446250	2956
3.447500	2957
3.448750	2958
3.450000	2959
3.451250	2960
3.452500	2961
3.453750	2962
3.455000	2963
3.456250	2964
3.457500	2966
3.458750	2967
3.460000	2967
3.461250	2968
3.462500	2969
3.463750	2970
3.465000	2971
3.466250	2972
3.467500	2973
3.468750	2974
3.470000	2975
3.471250	2977
3.472500	2978
3.473750	2979
3.475000	2980
3.476250	2981
3.477500	2982
3.478750	2983
3.480000	2984
3.481250	2985
3.482500	2986
3.483750	2987
3.485000	2989
3.486250	2990
3.487500	2991
3.488750	2992
3.490000	2993
3.491250	2993
3.492500	2994
3.493750	2995
3.495000	2996
3.496250	2997
3.497500	2999
3.498750	3000
3.500000	3001
3.501250	3002
3.502500	3003
3.503750	3004
3.505000	3005
3.506250	3006
3.507500	3007
3.508750	3008
3.510000	3009
3.511250	3011
3.512500	3012
3.513750	3013
3.515000	3014
3.516250	3015
3.517500	3016
3.518750	3017
3.520000	3018
3.521250	3019
3.522500	3019
3.523750	3020
3.525000	3022
3.526250	3023
3.527500	3024
3.528750	3025
3.530000	3026
3.531250	3027
3.532500	3028
3.533750	3029
3.535000	3030
3.536250	3031
3.537500	3032
3.538750	3034
3.540000	3035
3.541250	3036
3.542500	3037
3.543750	3038
3.545000	3039
3.546250	3040
3.547500	3041
3.548750	3042
3.550000	3043
3.551250	3044
3.552500	3046
3.553750	3047
3.555000	3047
3.556250	3048
3.557500	3049
3.558750	3050
3.560000	3051
3.561250	3052
3.562500	3053
3.563750	3054
3.565000	3055
3.566250	3057
3.567500	3058
3.568750	3059
3.570000	3060
3.571250	3061
3.572500	3062
3.573750	3063
3.575000	3064
3.576250	3065
3.577500	3066
3.578750	3067
3.580000	3068
3.581250	3070
3.582500	3071
3.583750	3072
3.585000	3073
3.586250	3074
3.587500	3075
3.588750	3076
3.590000	3077
3.591250	3077
3.592500	3078
3.593750	3079
3.595000	3081
3.596250	3082
3.597500	3083
3.598750	3084
3.600000	3085
3.601250	3086
3.602500	3087
3.603750	3088
3.605000	3089
3.606250	3090
3.607500	3091
3.608750	3092
3.610000	3094
3.611250	3095
3.612500	3096
3.613750	3097
3.615000	3098
3.616250	3099
3.617500	3100
3.618750	3101
3.620000	3102
3.621250	3103
3.622500	3104
3.623750	3106
3.625000	3107
3.626250	3108
3.627500	3108
3.628750	3109
3.630000	3110
3.631250	3111
3.632500	3112
3.633750	3113
3.635000	3114
3.636250	3115
3.637500	3116
3.638750	3118
3.640000	3119
3.641250	3120
3.642500	3121
3.643750	3122
3.645000	3123
3.646250	3124
3.647500	3125
3.648750	3126
3.650000	3127
3.651250	3128
3.652500	3129
3.653750	3131
3.655000	3132
3.656250	3133
3.657500	3134
3.658750	3135
3.660000	3136
3.661250	3137
3.662500	3138
3.663750	3139
3.665000	3140
3.666250	3141
3.667500	3142
3.668750	3143
3.670000	3144
3.671250	3145
3.672500	3146
3.673750	3147
3.675000	3148
3.676250	3149
3.677500	3150
3.678750	3151
3.680000	3152
3.681250	3153
3.682500	3154
3.683750	3156
3.685000	3157
3.686250	3158
3.687500	3159
3.688750	3160
3.690000	3161
3.691250	3162
3.692500	3163
3.693750	3164
3.695000	3165
3.696250	3166
3.697500	3167
3.698750	3169
3.700000	3170
3.701250	3171
3.702500	3172
3.703750	3173
3.705000	3174
3.706250	3175
3.707500	3176
3.708750	3177
3.710000	3178
3.711250	3178
3.712500	3179
3.713750	3181
3.715000	3182
3.716250	3183
3.717500	3184
3.718750	3185
3.720000	3186
3.721250	3187
3.722500	3188
3.723750	3189
3.725000	3190
3.726250	3191
3.727500	3192
3.728750	3194
3.730000	3195
3.731250	3196
3.732500	3197
3.733750	3198
3.735000	3199
3.736250	3200
3.737500	3201
3.738750	3202
3.740000	3203
3.741250	3204
3.742500	3205
3.743750	3206
3.745000	3208
3.746250	3209
3.747500	3210
3.748750	3211
3.750000	3212
3.751250	3213
3.752500	3214
3.753750	3215
3.755000	3216
3.756250	3217
3.757500	3218
3.758750	3219
3.760000	3219
3.761250	3221
3.762500	3222
3.763750	3223
3.765000	3224
3.766250	3225
3.767500	3226
3.768750	3227
3.770000	3228
3.771250	3229
3.772500	3230
3.773750	3231
3.775000	3232
3.776250	3234
3.777500	3235
3.778750	3236
3.780000	3237
3.781250	3238
3.782500	3239
3.783750	3240
3.785000	3241
3.786250	3242
3.787500	3243
3.788750	3244
3.790000	3245
3.791250	3246
3.792500	3248
3.793750	3249
3.795000	3250
3.796250	3251
3.797500	3252
3.798750	3253
3.800000	3254
3.801250	3255
3.802500	3256
3.803750	3257
3.805000	3258
3.806250	3259
3.807500	3260
3.808750	3262
3.810000	3263
3.811250	3264
3.812500	3264
3.813750	3265
3.815000	3266
3.816250	3267
3.817500	3268
3.818750	3269
3.820000	3270
3.821250	3271
3.822500	3272
3.823750	3273
3.825000	3274
3.826250	3276
3.827500	3277
3.828750	3278
3.830000	3279
3.831250	3280
3.832500	3281
3.833750	3282
3.835000	3283
3.836250	3284
3.837500	3285
3.838750	3286
3.840000	3287
3.841250	3288
3.842500	3290
3.843750	3291
3.845000	3292
3.846250	3293
3.847500	3294
3.848750	3295
3.850000	3296
3.851250	3297
3.852500	3298
3.853750	3299
3.855000	3300
3.856250	3301
3.857500	3302
3.858750	3303
3.860000	3305
3.861250	3306
3.862500	3307
3.863750	3308
3.865000	3309
3.866250	3310
3.867500	3311
3.868750	3312
3.870000	3313
3.871250	3314
3.872500	3315
3.873750	3316
3.875000	3316
3.876250	3317
3.877500	3319
3.878750	3320
3.880000	3321
3.881250	3322
3.882500	3323
3.883750	3324
3.885000	3325
3.886250	3326
3.887500	3327
3.888750	3328
3.890000	3329
3.891250	3330
3.892500	3331
3.893750	3333
3.895000	3334
3.896250	3335
3.897500	3336
3.898750	3337
3.900000	3338
3.901250	3339
3.902500	3340
3.903750	3341
3.905000	3342
3.906250	3343
3.907500	3344
3.908750	3345
3.910000	3346
3.911250	3347
3.912500	3349
3.913750	3350
3.915000	3351
3.916250	3352
3.917500	3353
3.918750	3354
3.920000	3355
3.921250	3356
3.922500	3357
3.923750	3358
3.925000	3359
3.926250	3360
3.927500	3361
3.928750	3362
3.930000	3364
3.931250	3365
3.932500	3366
3.933750	3367
3.935000	3368
3.936250	3369
3.937500	3370
3.938750	3371
3.940000	3372
3.941250	3373
3.942500	3374
3.943750	3375
3.945000	3376
3.946250	3377
3.947500	3378
3.948750	3380
3.950000	3381
3.951250	3381
3.952500	3382
3.953750	3383
3.955000	3384
3.956250	3385
3.957500	3386
3.958750	3387
3.960000	3388
3.961250	3389
3.962500	3390
3.963750	3391
3.965000	3392
3.966250	3394
3.967500	3395
3.968750	3396
3.970000	3397
3.971250	3398
3.972500	3399
3.973750	3400
3.975000	3401
3.976250	3402
3.977500	3403
3.978750	3404
3.980000	3405
3.981250	3406
3.982500	3407
3.983750	3408
3.985000	3410
3.986250	3411
3.987500	3412
3.988750	3413
3.990000	3414
3.991250	3415
3.992500	3416
3.993750	3417
3.995000	3418
3.996250	3419
3.997500	3420
3.998750	3421
4.000000	3422
4.001250	3423
4.002500	3424
4.003750	3425
4.005000	3427
4.006250	3428
4.007500	3429
4.008750	3430
4.010000	3431
4.011250	3432
4.012500	3433
4.013750	3434
4.015000	3435
4.016250	3436
4.017500	3437
4.018750	3438
4.020000	3439
4.021250	3440
4.022500	3441
4.023750	3443
4.025000	3444
4.026250	3445
4.027500	3446
4.028750	3447
4.030000	3448
4.031250	3449
4.032500	3450
4.033750	3451
4.035000	3452
4.036250	3453
4.037500	3454
4.038750	3455
4.040000	3456
4.041250	3457
4.042500	3458
4.043750	3460
4.045000	3461
4.046250	3462
4.047500	3463
4.048750	3464
4.050000	3465
4.051250	3466
4.052500	3467
4.053750	3468
4.055000	3469
4.056250	3470
4.057500	3471
4.058750	3472
4.060000	3473
4.061250	3474
4.062500	3475
4.063750	3477
4.065000	3478
4.066250	3479
4.067500	3479
4.068750	3480
4.070000	3481
4.071250	3482
4.072500	3483
4.073750	3484
4.075000	3485
4.076250	3486
4.077500	3487
4.078750	3488
4.080000	3489
4.081250	3490
4.082500	3491
4.083750	3493
4.085000	3494
4.086250	3495
4.087500	3496
4.088750	3497
4.090000	3498
4.091250	3499
4.092500	3500
4.093750	3501
4.095000	3502
4.096250	3503
4.097500	3504
4.098750	3505
4.100000	3506
4.101250	3507
4.102500	3508
4.103750	3509
4.105000	3511
4.106250	3512
4.107500	3513
4.108750	3514
4.110000	3515
4.111250	3516
4.112500	3517
4.113750	3518
4.115000	3519
4.116250	3520
4.117500	3521
4.118750	3522
4.120000	3523
4.121250	3524
4.122500	3525
4.123750	3526
4.125000	3527
4.126250	3529
4.127500	3530
4.128750	3531
4.130000	3532
4.131250	3533
4.132500	3534
4.133750	3535
4.135000	3536
4.136250	3537
4.137500	3538
4.138750	3539
4.140000	3540
4.141250	3541
4.142500	3542
4.143750	3543
4.145000	3544
4.146250	3545
4.147500	3547
4.148750	3548
4.150000	3549
4.151250	3550
4.152500	3551
4.153750	3552
4.155000	3553
4.156250	3554
4.157500	3555
4.158750	3556
4.160000	3557
4.161250	3558
4.162500	3559
4.163750	3560
4.165000	3561
4.166250	3562
4.167500	3563
4.168750	3564
4.170000	3566
4.171250	3567
4.172500	3568
4.173750	3569
4.175000	3570
4.176250	3571
4.177500	3572
4.178750	3573
4.180000	3574
4.181250	3575
4.182500	3576
4.183750	3577
4.185000	3578
4.186250	3579
4.187500	3580
4.188750	3581
4.190000	3582
4.191250	3583
4.192500	3585
4.193750	3586
4.195000	3587
4.196250	3588
4.197500	3589
4.198750	3590
4.200000	3591
4.201250	3592
4.202500	3593
4.203750	3594
4.205000	3595
4.206250	3596
4.207500	3597
4.208750	3598
4.210000	3599
4.211250	3600
4.212500	3601
4.213750	3602
4.215000	3603
4.216250	3605
4.217500	3606
4.218750	3607
4.220000	3608
4.221250	3609
4.222500	3610
4.223750	3611
4.225000	3612
4.226250	3613
4.227500	3614
4.228750	3615
4.230000	3616
4.231250	3617
4.232500	3618
4.233750	3619
4.235000	3620
4.236250	3621
4.237500	3622
4.238750	3623
4.240000	3625
4.241250	3626
4.242500	3627
4.243750	3628
4.245000	3629
4.246250	3630
4.247500	3631
4.248750	3632
4.250000	3633
4.251250	3634
4.252500	3635
4.253750	3636
4.255000	3637
4.256250	3638
4.257500	3639
4.258750	3640
4.260000	3641
4.261250	3642
4.262500	3643
4.263750	3645
4.265000	3646
4.266250	3647
4.267500	3648
4.268750	3649
4.270000	3650
4.271250	3651
4.272500	3652
4.273750	3653
4.275000	3654
4.276250	3655
4.277500	3656
4.278750	3657
4.280000	3658
4.281250	3659
4.282500	3660
4.283750	3661
4.285000	3662
4.286250	3663
4.287500	3664
4.288750	3666
4.290000	3667
4.291250	3668
4.292500	3669
4.293750	3670
4.295000	3671
4.296250	3672
4.297500	3673
4.298750	3674
4.300000	3675
4.301250	3676
4.302500	3677
4.303750	3678
4.305000	3679
4.306250	3680
4.307500	3681
4.308750	3682
4.310000	3683
4.311250	3684
4.312500	3685
4.313750	3686
4.315000	3688
4.316250	3689
4.317500	3690
4.318750	3691
4.320000	3692
4.321250	3693
4.322500	3694
4.323750	3695
4.325000	3696
4.326250	3697
4.327500	3698
4.328750	3699
4.330000	3700
4.331250	3701
4.332500	3702
4.333750	3703
4.335000	3704
4.336250	3705
4.337500	3706
4.338750	3707
4.340000	3708
4.341250	3710
4.342500	3711
4.343750	3712
4.345000	3713
4.346250	3714
4.347500	3715
4.348750	3716
4.350000	3717
4.351250	3718
4.352500	3719
4.353750	3721
4.355000	3722
4.356250	3723
4.357500	3724
4.358750	3725
4.360000	3726
4.361250	3727
4.362500	3728
4.363750	3729
4.365000	3730
4.366250	3731
4.367500	3732
4.368750	3734
4.370000	3735
4.371250	3736
4.372500	3737
4.373750	3738
4.375000	3739
4.376250	3740
4.377500	3741
4.378750	3742
4.380000	3743
4.381250	3744
4.382500	3745
4.383750	3746
4.385000	3747
4.386250	3748
4.387500	3749
4.388750	3750
4.390000	3751
4.391250	3752
4.392500	3753
4.393750	3754
4.395000	3755
4.396250	3756
4.397500	3758
4.398750	3759
4.400000	3760
4.401250	3761
4.402500	3762
4.403750	3763
4.405000	3764
4.406250	3765
4.407500	3766
4.408750	3767
4.410000	3768
4.411250	3769
4.412500	3770
4.413750	3771
4.415000	3772
4.416250	3773
4.417500	3774
4.418750	3775
4.420000	3776
4.421250	3777
4.422500	3778
4.423750	3779
4.425000	3780
4.426250	3781
4.427500	3783
4.428750	3784
4.430000	3785
4.431250	3786
4.432500	3787
4.433750	3788
4.435000	3789
4.436250	3790
4.437500	3791
4.438750	3792
4.440000	3793
4.441250	3794
4.442500	3795
4.443750	3796
4.445000	3797
4.446250	3798
4.447500	3799
4.448750	3800
4.450000	3801
4.451250	3802
4.452500	3803
4.453750	3804
4.455000	3805
4.456250	3806
4.457500	3807
4.458750	3809
4.460000	3810
4.461250	3811
4.462500	3812
4.463750	3813
4.465000	3814
4.466250	3815
4.467500	3816
4.468750	3817
4.470000	3818
4.471250	3820
4.472500	3821
4.473750	3822
4.475000	3823
4.476250	3824
4.477500	3825
4.478750	3826
4.480000	3827
4.481250	3828
4.482500	3829
4.483750	3830
4.485000	3831
4.486250	3832
4.487500	3833
4.488750	3834
4.490000	3834
4.491250	3834
4.492500	3834
4.493750	3834
4.495000	3834
4.496250	3834
4.497500	3834
4.498750	3834
4.500000	3834
4.501250	3834
4.502500	3834
4.503750	3834
4.505000	3834
4.506250	3834
4.507500	3834
4.508750	3834
4.510000	3834
4.511250	3834
4.512500	3834
4.513750	3834
4.515000	3834
4.516250	3834
4.517500	3834
4.518750	3834
4.520000	3834
4.521250	3834
4.522500	3834
4.523750	3834
4.525000	3834
4.526250	3834
4.527500	3834
4.528750	3834
4.530000	3834
4.531250	3834
4.532500	3834
4.533750	3834
4.535000	3834
4.536250	3834
4.537500	3834
4.538750	3834
4.540000	3834
4.541250	3834
4.542500	3834
4.543750	3834
4.545000	3834
4.546250	3834
4.547500	3834
4.548750	3834
4.550000	3834
4.551250	3834
4.552500	3834
4.553750	3834
4.555000	3834
4.556250	3834
4.557500	3834
4.558750	3834
4.560000	3834
4.561250	3834
4.562500	3834
4.563750	3834
4.565000	3834
4.566250	3834
4.567500	3834
4.568750	3834
4.570000	3834
4.571250	3834
4.572500	3834
4.573750	3834
4.575000	3834
4.576250	3834
4.577500	3834
4.578750	3834
4.580000	3834
4.581250	3834
4.582500	3834
4.583750	3834
4.585000	3834
4.586250	3834
4.587500	3834
4.588750	3834
4.590000	3834
4.591250	3834
4.592500	3834
4.593750	3834
4.595000	3834
4.596250	3834
4.597500	3834
4.598750	3834
4.600000	3834
4.601250	3834
4.602500	3834
4.603750	3834
4.605000	3834
4.606250	3834
4.607500	3834
4.608750	3834
4.610000	3834
4.611250	3834
4.612500	3834
4.613750	3834
4.615000	3834
4.616250	3834
4.617500	3834
4.618750	3834
4.620000	3834
4.621250	3834
4.622500	3834
4.623750	3834
4.625000	3834
4.626250	3834
4.627500	3834
4.628750	3834
4.630000	3834
4.631250	3834
4.632500	3834
4.633750	3834
4.635000	3834
4.636250	3834
4.637500	3834
4.638750	3834
4.640000	3834
4.641250	3834
4.642500	3834
4.643750	3834
4.645000	3834
4.646250	3834
4.647500	3834
4.648750	3834
4.650000	3834
4.651250	3834
4.652500	3834
4.653750	3834
4.655000	3834
4.656250	3834
4.657500	3834
4.658750	3834
4.660000	3834
4.661250	3834
4.662500	3834
4.663750	3834
4.665000	3834
4.666250	3834
4.667500	3834
4.668750	3834
4.670000	3834
4.671250	3834
4.672500	3834
4.673750	3834
4.675000	3834
4.676250	3834
4.677500	3834
4.678750	3834
4.680000	3834
4.681250	3834
4.682500	3834
4.683750	3834
4.685000	3834
4.686250	3834
4.687500	3834
4.688750	3834
4.690000	3834
4.691250	3834
4.692500	3834
4.693750	3834
4.695000	3834
4.696250	3834
4.697500	3834
4.698750	3834
4.700000	3834
4.701250	3834
4.702500	3834
4.703750	3834
4.705000	3834
4.706250	3834
4.707500	3834
4.708750	3834
4.710000	3834
4.711250	3834
4.712500	3834
4.713750	3834
4.715000	3834
4.716250	3834
4.717500	3834
4.718750	3834
4.720000	3834
4.721250	3834
4.722500	3834
4.723750	3834
4.725000	3834
4.726250	3834
4.727500	3834
4.728750	3834
4.730000	3834
4.731250	3834
4.732500	3834
4.733750	3834
4.735000	3834
4.736250	3834
4.737500	3834
4.738750	3834
4.740000	3834
4.741250	3834
4.742500	3834
4.743750	3834
4.745000	3834
4.746250	3834
4.747500	3834
4.748750	3834
4.750000	3834
4.751250	3834
4.752500	3834
4.753750	3834
4.755000	3834
4.756250	3834
4.757500	3834
4.758750	3834
4.760000	3834
4.761250	3834
4.762500	3834
4.763750	3834
4.765000	3834
4.766250	3834
4.767500	3834
4.768750	3834
4.770000	3834
4.771250	3834
4.772500	3834
4.773750	3834
4.775000	3834
4.776250	3834
4.777500	3834
4.778750	3834
4.780000	3834
4.781250	3834
4.782500	3834
4.783750	3834
4.785000	3834
4.786250	3834
4.787500	3834
4.788750	3834
4.790000	3834
4.791250	3834
4.792500	3834
4.793750	3834
4.795000	3834
4.796250	3834
4.797500	3834
4.798750	3834
4.800000	3834
4.801250	3834
4.802500	3834
4.803750	3834
4.805000	3834
4.806250	3834
4.807500	3834
4.808750	3834
4.810000	3834
4.811250	3834
4.812500	3834
4.813750	3834
4.815000	3834
4.816250	3834
4.817500	3834
4.818750	3834
4.820000	3834
4.821250	3834
4.822500	3834
4.823750	3834
4.825000	3834
4.826250	3834
4.827500	3834
4.828750	3834
4.830000	3834
4.831250	3834
4.832500	3834
4.833750	3834
4.835000	3834
4.836250	3834
4.837500	3834
4.838750	3834
4.840000	3834
4.841250	3834
4.842500	3834
4.843750	3834
4.845000	3834
4.846250	3834
4.847500	3834
4.848750	3834
4.850000	3834
4.851250	3834
4.852500	3834
4.853750	3834
4.855000	3834
4.856250	3834
4.857500	3834
4.858750	3834
4.860000	3834
4.861250	3834
4.862500	3834
4.863750	3834
4.865000	3834
4.866250	3834
4.867500	3834
4.868750	3834
4.870000	3834
4.871250	3834
4.872500	3834
4.873750	3834
4.875000	3834
4.876250	3834
4.877500	3834
4.878750	3834
4.880000	3834
4.881250	3834
4.882500	3834
4.883750	3834
4.885000	3834
4.886250	3834
4.887500	3834
4.888750	3834
4.890000	3834
4.891250	3834
4.892500	3834
4.893750	3834
4.895000	3834
4.896250	3834
4.897500	3834
4.898750	3834
