0.100000	97
0.101250	98
0.102500	100
0.103750	101
0.105000	102
0.106250	103
0.107500	104
0.108750	106
0.110000	107
0.111250	108
0.112500	109
0.113750	110
0.115000	112
0.116250	113
0.117500	114
0.118750	115
0.120000	116
0.121250	118
0.122500	119
0.123750	120
0.125000	121
0.126250	122
0.127500	124
0.128750	125
0.130000	126
0.131250	127
0.132500	128
0.133750	130
0.135000	131
0.136250	132
0.137500	133
0.138750	134
0.140000	136
0.141250	137
0.142500	138
0.143750	139
0.145000	140
0.146250	141
0.147500	143
0.148750	144
0.150000	145
0.151250	146
0.152500	147
0.153750	149
0.155000	150
0.156250	151
0.157500	152
0.158750	153
0.160000	155
0.161250	156
0.162500	157
0.163750	158
0.165000	159
0.166250	161
0.167500	162
0.168750	163
0.170000	164
0.171250	165
0.172500	167
0.173750	168
0.175000	169
0.176250	170
0.177500	171
0.178750	173
0.180000	174
0.181250	175
0.182500	176
0.183750	177
0.185000	179
0.186250	180
0.187500	181
0.188750	182
0.190000	183
0.191250	185
0.192500	186
0.193750	187
0.195000	188
0.196250	189
0.197500	191
0.198750	192
0.200000	193
0.201250	194
0.202500	195
0.203750	197
0.205000	198
0.206250	199
0.207500	200
0.208750	201
0.210000	203
0.211250	204
0.212500	205
0.213750	206
0.215000	207
0.216250	209
0.217500	210
0.218750	211
0.220000	212
0.221250	213
0.222500	215
0.223750	216
0.225000	217
0.226250	218
0.227500	219
0.228750	221
0.230000	222
0.231250	223
0.232500	224
0.233750	225
0.235000	227
0.236250	228
0.237500	229
0.238750	230
0.240000	231
0.241250	233
0.242500	234
0.243750	235
0.245000	236
0.246250	237
0.247500	239
0.248750	240
0.250000	241
0.251250	242
0.252500	243
0.253750	245
0.255000	246
0.256250	247
0.257500	248
0.258750	249
0.260000	251
0.261250	252
0.262500	253
0.263750	254
0.265000	255
0.266250	256
0.267500	258
0.268750	259
0.270000	260
0.271250	261
0.272500	262
0.273750	264
0.275000	265
0.276250	266
0.277500	267
0.278750	268
0.280000	270
0.281250	271
0.282500	272
0.283750	273
0.285000	274
0.286250	276
0.287500	277
0.288750	278
0.290000	279
0.291250	280
0.292500	282
0.293750	283
0.295000	284
0.296250	285
0.297500	286
0.298750	288
0.300000	289
0.301250	290
0.302500	291
0.303750	292
0.305000	294
0.306250	295
0.307500	296
0.308750	297
0.310000	298
0.311250	300
0.312500	301
0.313750	302
0.315000	303
0.316250	304
0.317500	306
0.318750	307
0.320000	308
0.321250	309
0.322500	310
0.323750	312
0.325000	313
0.326250	314
0.327500	315
0.328750	316
0.330000	318
0.331250	319
0.332500	320
0.333750	321
0.335000	322
0.336250	324
0.337500	325
0.338750	326
0.340000	327
0.341250	328
0.342500	330
0.343750	331
0.345000	332
0.346250	333
0.347500	334
0.348750	336
0.350000	337
0.351250	338
0.352500	339
0.353750	340
0.355000	342
0.356250	343
0.357500	344
0.358750	345
0.360000	346
0.361250	347
0.362500	349
0.363750	350
0.365000	351
0.366250	352
0.367500	353
0.368750	355
0.370000	356
0.371250	357
0.372500	358
0.373750	359
0.375000	361
0.376250	362
0.377500	363
0.378750	364
0.380000	365
0.381250	367
0.382500	368
0.383750	369
0.385000	370
0.386250	371
0.387500	373
0.388750	374
0.390000	375
0.391250	376
0.392500	377
0.393750	379
0.395000	380
0.396250	381
0.397500	382
0.398750	383
0.400000	385
0.401250	386
0.402500	387
0.403750	388
0.405000	389
0.406250	391
0.407500	392
0.408750	393
0.410000	394
0.411250	395
0.412500	397
0.413750	398
0.415000	399
0.416250	400
0.417500	401
0.418750	403
0.420000	404
0.421250	405
0.422500	406
0.423750	407
0.425000	409
0.426250	410
0.427500	411
0.428750	412
0.430000	413
0.431250	415
0.432500	416
0.433750	417
0.435000	418
0.436250	419
0.437500	420
0.438750	422
0.440000	423
0.441250	424
0.442500	425
0.443750	426
0.445000	428
0.446250	429
0.447500	430
0.448750	431
0.450000	432
0.451250	434
0.452500	435
0.453750	436
0.455000	437
0.456250	438
0.457500	440
0.458750	441
0.460000	442
0.461250	443
0.462500	444
0.463750	446
0.465000	447
0.466250	448
0.467500	449
0.468750	450
0.470000	452
0.471250	453
0.472500	454
0.473750	455
0.475000	456
0.476250	458
0.477500	459
0.478750	460
0.480000	461
0.481250	462
0.482500	464
0.483750	465
0.485000	466
0.486250	467
0.487500	468
0.488750	470
0.490000	471
0.491250	472
0.492500	473
0.493750	474
0.495000	476
0.496250	477
0.497500	478
0.498750	479
0.500000	480
0.501250	481
0.502500	483
0.503750	484
0.505000	485
0.506250	486
0.507500	487
0.508750	489
0.510000	490
0.511250	491
0.512500	492
0.513750	493
0.515000	495
0.516250	496
0.517500	497
0.518750	498
0.520000	499
0.521250	501
0.522500	502
0.523750	503
0.525000	504
0.526250	505
0.527500	507
0.528750	508
0.530000	509
0.531250	510
0.532500	511
0.533750	513
0.535000	514
0.536250	515
0.537500	516
0.538750	517
0.540000	519
0.541250	520
0.542500	521
0.543750	522
0.545000	523
0.546250	525
0.547500	526
0.548750	527
0.550000	528
0.551250	529
0.552500	531
0.553750	532
0.555000	533
0.556250	534
0.557500	535
0.558750	536
0.560000	538
0.561250	539
0.562500	540
0.563750	541
0.565000	542
0.566250	544
0.567500	545
0.568750	546
0.570000	547
0.571250	548
0.572500	550
0.573750	551
0.575000	552
0.576250	553
0.577500	554
0.578750	556
0.580000	557
0.581250	558
0.582500	559
0.583750	560
0.585000	562
0.586250	563
0.587500	564
0.588750	565
0.590000	566
0.591250	568
0.592500	569
0.593750	570
0.595000	571
0.596250	572
0.597500	574
0.598750	575
0.600000	576
0.601250	577
0.602500	578
0.603750	580
0.605000	581
0.606250	582
0.607500	583
0.608750	584
0.610000	585
0.611250	587
0.612500	588
0.613750	589
0.615000	590
0.616250	591
0.617500	593
0.618750	594
0.620000	595
0.621250	596
0.622500	597
0.623750	599
0.625000	600
0.626250	601
0.627500	602
0.628750	603
0.630000	605
0.631250	606
0.632500	607
0.633750	608
0.635000	609
0.636250	611
0.637500	612
0.638750	613
0.640000	614
0.641250	615
0.642500	617
0.643750	618
0.645000	619
0.646250	620
0.647500	621
0.648750	623
0.650000	624
0.651250	625
0.652500	626
0.653750	627
0.655000	628
0.656250	630
0.657500	631
0.658750	632
0.660000	633
0.661250	634
0.662500	636
0.663750	637
0.665000	638
0.666250	639
0.667500	640
0.668750	642
0.670000	643
0.671250	644
0.672500	645
0.673750	646
0.675000	648
0.676250	649
0.677500	650
0.678750	651
0.680000	652
0.681250	654
0.682500	655
0.683750	656
0.685000	657
0.686250	658
0.687500	660
0.688750	661
0.690000	662
0.691250	663
0.692500	664
0.693750	665
0.695000	667
0.696250	668
0.697500	669
0.698750	670
0.700000	671
0.701250	673
0.702500	674
0.703750	675
0.705000	676
0.706250	677
0.707500	679
0.708750	680
0.710000	681
0.711250	682
0.712500	683
0.713750	685
0.715000	686
0.716250	687
0.717500	688
0.718750	689
0.720000	691
0.721250	692
0.722500	693
0.723750	694
0.725000	695
0.726250	697
0.727500	698
0.728750	699
0.730000	700
0.731250	701
0.732500	702
0.733750	704
0.735000	705
0.736250	706
0.737500	707
0.738750	708
0.740000	710
0.741250	711
0.742500	712
0.743750	713
0.745000	714
0.746250	716
0.747500	717
0.748750	718
0.750000	719
0.751250	720
0.752500	722
0.753750	723
0.755000	724
0.756250	725
0.757500	726
0.758750	728
0.760000	729
0.761250	730
0.762500	731
0.763750	732
0.765000	733
0.766250	735
0.767500	736
0.768750	737
0.770000	738
0.771250	739
0.772500	741
0.773750	742
0.775000	743
0.776250	744
0.777500	745
0.778750	747
0.780000	748
0.781250	749
0.782500	750
0.783750	751
0.785000	753
0.786250	754
0.787500	755
0.788750	756
0.790000	757
0.791250	759
0.792500	760
0.793750	761
0.795000	762
0.796250	763
0.797500	764
0.798750	766
0.800000	767
0.801250	768
0.802500	769
0.803750	770
0.805000	772
0.806250	773
0.807500	774
0.808750	775
0.810000	776
0.811250	778
0.812500	779
0.813750	780
0.815000	781
0.816250	782
0.817500	784
0.818750	785
0.820000	786
0.821250	787
0.822500	788
0.823750	790
0.825000	791
0.826250	792
0.827500	793
0.828750	794
0.830000	795
0.831250	797
0.832500	798
0.833750	799
0.835000	800
0.836250	801
0.837500	803
0.838750	804
0.840000	805
0.841250	806
0.842500	807
0.843750	809
0.845000	810
0.846250	811
0.847500	812
0.848750	813
0.850000	815
0.851250	816
0.852500	817
0.853750	818
0.855000	819
0.856250	821
0.857500	822
0.858750	823
0.860000	824
0.861250	825
0.862500	826
0.863750	828
0.865000	829
0.866250	830
0.867500	831
0.868750	832
0.870000	834
0.871250	835
0.872500	836
0.873750	837
0.875000	838
0.876250	840
0.877500	841
0.878750	842
0.880000	843
0.881250	844
0.882500	846
0.883750	847
0.885000	848
0.886250	849
0.887500	850
0.888750	851
0.890000	853
0.891250	854
0.892500	855
0.893750	856
0.895000	857
0.896250	859
0.897500	860
0.898750	861
0.900000	862
0.901250	863
0.902500	865
0.903750	866
0.905000	867
0.906250	868
0.907500	869
0.908750	871
0.910000	872
0.911250	873
0.912500	874
0.913750	875
0.915000	876
0.916250	878
0.917500	879
0.918750	880
0.920000	881
0.921250	882
0.922500	884
0.923750	885
0.925000	886
0.926250	887
0.927500	888
0.928750	890
0.930000	891
0.931250	892
0.932500	893
0.933750	894
0.935000	896
0.936250	897
0.937500	898
0.938750	899
0.940000	900
0.941250	901
0.942500	903
0.943750	904
0.945000	905
0.946250	906
0.947500	907
0.948750	909
0.950000	910
0.951250	911
0.952500	912
0.953750	913
0.955000	915
0.956250	916
0.957500	917
0.958750	918
0.960000	919
0.961250	920
0.962500	922
0.963750	923
0.965000	924
0.966250	925
0.967500	926
0.968750	928
0.970000	929
0.971250	930
0.972500	931
0.973750	932
0.975000	934
0.976250	935
0.977500	936
0.978750	937
0.980000	938
0.981250	940
0.982500	941
0.983750	942
0.985000	943
0.986250	944
0.987500	945
0.988750	947
0.990000	948
0.991250	949
0.992500	950
0.993750	951
0.995000	953
0.996250	954
0.997500	955
0.998750	956
1.000000	957
1.001250	959
1.002500	960
1.003750	961
1.005000	962
1.006250	963
1.007500	964
1.008750	966
1.010000	967
1.011250	968
1.012500	969
1.013750	970
1.015000	972
1.016250	973
1.017500	974
1.018750	975
1.020000	976
1.021250	978
1.022500	979
1.023750	980
1.025000	981
1.026250	982
1.027500	983
1.028750	985
1.030000	986
1.031250	987
1.032500	988
1.033750	989
1.035000	991
1.036250	992
1.037500	993
1.038750	994
1.040000	995
1.041250	997
1.042500	998
1.043750	999
1.045000	1000
1.046250	1001
1.047500	1002
1.048750	1004
1.050000	1005
1.051250	1006
1.052500	1007
1.053750	1008
1.055000	1010
1.056250	1011
1.057500	1012
1.058750	1013
1.060000	1014
1.061250	1016
1.062500	1017
1.063750	1018
1.065000	1019
1.066250	1020
1.067500	1021
1.068750	1023
1.070000	1024
1.071250	1025
1.072500	1026
1.073750	1027
1.075000	1029
1.076250	1030
1.077500	1031
1.078750	1032
1.080000	1033
1.081250	1035
1.082500	1036
1.083750	1037
1.085000	1038
1.086250	1039
1.087500	1040
1.088750	1042
1.090000	1043
1.091250	1044
1.092500	1045
1.093750	1046
1.095000	1048
1.096250	1049
1.097500	1050
1.098750	1051
1.100000	1052
1.101250	1054
1.102500	1055
1.103750	1056
1.105000	1057
1.106250	1058
1.107500	1059
1.108750	1061
1.110000	1062
1.111250	1063
1.112500	1064
1.113750	1065
1.115000	1067
1.116250	1068
1.117500	1069
1.118750	1070
1.120000	1071
1.121250	1073
1.122500	1074
1.123750	1075
1.125000	1076
1.126250	1077
1.127500	1078
1.128750	1080
1.130000	1081
1.131250	1082
1.132500	1083
1.133750	1084
1.135000	1086
1.136250	1087
1.137500	1088
1.138750	1089
1.140000	1090
1.141250	1091
1.142500	1093
1.143750	1094
1.145000	1095
1.146250	1096
1.147500	1097
1.148750	1099
1.150000	1100
1.151250	1101
1.152500	1102
1.153750	1103
1.155000	1105
1.156250	1106
1.157500	1107
1.158750	1108
1.160000	1109
1.161250	1110
1.162500	1112
1.163750	1113
1.165000	1114
1.166250	1115
1.167500	1116
1.168750	1118
1.170000	1119
1.171250	1120
1.172500	1121
1.173750	1122
1.175000	1123
1.176250	1125
1.177500	1126
1.178750	1127
1.180000	1128
1.181250	1129
1.182500	1131
1.183750	1132
1.185000	1133
1.186250	1134
1.187500	1135
1.188750	1137
1.190000	1138
1.191250	1139
1.192500	1140
1.193750	1141
1.195000	1142
1.196250	1144
1.197500	1145
1.198750	1146
1.200000	1147
1.201250	1148
1.202500	1150
1.203750	1151
1.205000	1152
1.206250	1153
1.207500	1154
1.208750	1155
1.210000	1157
1.211250	1158
1.212500	1159
1.213750	1160
1.215000	1161
1.216250	1163
1.217500	1164
1.218750	1165
1.220000	1166
1.221250	1167
1.222500	1169
1.223750	1170
1.225000	1171
1.226250	1172
1.227500	1173
1.228750	1174
1.230000	1176
1.231250	1177
1.232500	1178
1.233750	1179
1.235000	1180
1.236250	1182
1.237500	1183
1.238750	1184
1.240000	1185
1.241250	1186
1.242500	1187
1.243750	1189
1.245000	1190
1.246250	1191
1.247500	1192
1.248750	1193
1.250000	1195
1.251250	1196
1.252500	1197
1.253750	1198
1.255000	1199
1.256250	1200
1.257500	1202
1.258750	1203
1.260000	1204
1.261250	1205
1.262500	1206
1.263750	1208
1.265000	1209
1.266250	1210
1.267500	1211
1.268750	1212
1.270000	1213
1.271250	1215
1.272500	1216
1.273750	1217
1.275000	1218
1.276250	1219
1.277500	1221
1.278750	1222
1.280000	1223
1.281250	1224
1.282500	1225
1.283750	1226
1.285000	1228
1.286250	1229
1.287500	1230
1.288750	1231
1.290000	1232
1.291250	1234
1.292500	1235
1.293750	1236
1.295000	1237
1.296250	1238
1.297500	1239
1.298750	1241
1.300000	1242
1.301250	1243
1.302500	1244
1.303750	1245
1.305000	1247
1.306250	1248
1.307500	1249
1.308750	1250
1.310000	1251
1.311250	1252
1.312500	1254
1.313750	1255
1.315000	1256
1.316250	1257
1.317500	1258
1.318750	1260
1.320000	1261
1.321250	1262
1.322500	1263
1.323750	1264
1.325000	1265
1.326250	1267
1.327500	1268
1.328750	1269
1.330000	1270
1.331250	1271
1.332500	1273
1.333750	1274
1.335000	1275
1.336250	1276
1.337500	1277
1.338750	1278
1.340000	1280
1.341250	1281
1.342500	1282
1.343750	1283
1.345000	1284
1.346250	1286
1.347500	1287
1.348750	1288
1.350000	1289
1.351250	1290
1.352500	1291
1.353750	1293
1.355000	1294
1.356250	1295
1.357500	1296
1.358750	1297
1.360000	1299
1.361250	1300
1.362500	1301
1.363750	1302
1.365000	1303
1.366250	1304
1.367500	1306
1.368750	1307
1.370000	1308
1.371250	1309
1.372500	1310
1.373750	1312
1.375000	1313
1.376250	1314
1.377500	1315
1.378750	1316
1.380000	1317
1.381250	1319
1.382500	1320
1.383750	1321
1.385000	1322
1.386250	1323
1.387500	1325
1.388750	1326
1.390000	1327
1.391250	1328
1.392500	1329
1.393750	1330
1.395000	1332
1.396250	1333
1.397500	1334
1.398750	1335
1.400000	1336
1.401250	1337
1.402500	1339
1.403750	1340
1.405000	1341
1.406250	1342
1.407500	1343
1.408750	1345
1.410000	1346
1.411250	1347
1.412500	1348
1.413750	1349
1.415000	1350
1.416250	1352
1.417500	1353
1.418750	1354
1.420000	1355
1.421250	1356
1.422500	1358
1.423750	1359
1.425000	1360
1.426250	1361
1.427500	1362
1.428750	1363
1.430000	1365
1.431250	1366
1.432500	1367
1.433750	1368
1.435000	1369
1.436250	1371
1.437500	1372
1.438750	1373
1.440000	1374
1.441250	1375
1.442500	1376
1.443750	1378
1.445000	1379
1.446250	1380
1.447500	1381
1.448750	1382
1.450000	1383
1.451250	1385
1.452500	1386
1.453750	1387
1.455000	1388
1.456250	1389
1.457500	1391
1.458750	1392
1.460000	1393
1.461250	1394
1.462500	1395
1.463750	1396
1.465000	1398
1.466250	1399
1.467500	1400
1.468750	1401
1.470000	1402
1.471250	1403
1.472500	1405
1.473750	1406
1.475000	1407
1.476250	1408
1.477500	1409
1.478750	1411
1.480000	1412
1.481250	1413
1.482500	1414
1.483750	1415
1.485000	1416
1.486250	1418
1.487500	1419
1.488750	1420
1.490000	1421
1.491250	1422
1.492500	1424
1.493750	1425
1.495000	1426
1.496250	1427
1.497500	1428
1.498750	1429
1.500000	1431
1.501250	1432
1.502500	1433
1.503750	1434
1.505000	1435
1.506250	1436
1.507500	1438
1.508750	1439
1.510000	1440
1.511250	1441
1.512500	1442
1.513750	1444
1.515000	1445
1.516250	1446
1.517500	1447
1.518750	1448
1.520000	1449
1.521250	1451
1.522500	1452
1.523750	1453
1.525000	1454
1.526250	1455
1.527500	1456
1.528750	1458
1.530000	1459
1.531250	1460
1.532500	1461
1.533750	1462
1.535000	1464
1.536250	1465
1.537500	1466
1.538750	1467
1.540000	1468
1.541250	1469
1.542500	1471
1.543750	1472
1.545000	1473
1.546250	1474
1.547500	1475
1.548750	1476
1.550000	1478
1.551250	1479
1.552500	1480
1.553750	1481
1.555000	1482
1.556250	1483
1.557500	1485
1.558750	1486
1.560000	1487
1.561250	1488
1.562500	1489
1.563750	1491
1.565000	1492
1.566250	1493
1.567500	1494
1.568750	1495
1.570000	1496
1.571250	1498
1.572500	1499
1.573750	1500
1.575000	1501
1.576250	1502
1.577500	1503
1.578750	1505
1.580000	1506
1.581250	1507
1.582500	1508
1.583750	1509
1.585000	1511
1.586250	1512
1.587500	1513
1.588750	1514
1.590000	1515
1.591250	1516
1.592500	1518
1.593750	1519
1.595000	1520
1.596250	1521
1.597500	1522
1.598750	1523
1.600000	1525
1.601250	1526
1.602500	1527
1.603750	1528
1.605000	1529
1.606250	1530
1.607500	1532
1.608750	1533
1.610000	1534
1.611250	1535
1.612500	1536
1.613750	1538
1.615000	1539
1.616250	1540
1.617500	1541
1.618750	1542
1.620000	1543
1.621250	1545
1.622500	1546
1.623750	1547
1.625000	1548
1.626250	1549
1.627500	1550
1.628750	1552
1.630000	1553
1.631250	1554
1.632500	1555
1.633750	1556
1.635000	1557
1.636250	1559
1.637500	1560
1.638750	1561
1.640000	1562
1.641250	1563
1.642500	1564
1.643750	1566
1.645000	1567
1.646250	1568
1.647500	1569
1.648750	1570
1.650000	1572
1.651250	1573
1.652500	1574
1.653750	1575
1.655000	1576
1.656250	1577
1.657500	1579
1.658750	1580
1.660000	1581
1.661250	1582
1.662500	1583
1.663750	1584
1.665000	1586
1.666250	1587
1.667500	1588
1.668750	1589
1.670000	1590
1.671250	1591
1.672500	1593
1.673750	1594
1.675000	1595
1.676250	1596
1.677500	1597
1.678750	1598
1.680000	1600
1.681250	1601
1.682500	1602
1.683750	1603
1.685000	1604
1.686250	1606
1.687500	1607
1.688750	1608
1.690000	1609
1.691250	1610
1.692500	1611
1.693750	1613
1.695000	1614
1.696250	1615
1.697500	1616
1.698750	1617
1.700000	1618
1.701250	1620
1.702500	1621
1.703750	1622
1.705000	1623
1.706250	1624
1.707500	1625
1.708750	1627
1.710000	1628
1.711250	1629
1.712500	1630
1.713750	1631
1.715000	1632
1.716250	1634
1.717500	1635
1.718750	1636
1.720000	1637
1.721250	1638
1.722500	1639
1.723750	1641
1.725000	1642
1.726250	1643
1.727500	1644
1.728750	1645
1.730000	1646
1.731250	1648
1.732500	1649
1.733750	1650
1.735000	1651
1.736250	1652
1.737500	1653
1.738750	1655
1.740000	1656
1.741250	1657
1.742500	1658
1.743750	1659
1.745000	1661
1.746250	1662
1.747500	1663
1.748750	1664
1.750000	1665
1.751250	1666
1.752500	1668
1.753750	1669
1.755000	1670
1.756250	1671
1.757500	1672
1.758750	1673
1.760000	1675
1.761250	1676
1.762500	1677
1.763750	1678
1.765000	1679
1.766250	1680
1.767500	1682
1.768750	1683
1.770000	1684
1.771250	1685
1.772500	1686
1.773750	1687
1.775000	1689
1.776250	1690
1.777500	1691
1.778750	1692
1.780000	1693
1.781250	1694
1.782500	1696
1.783750	1697
1.785000	1698
1.786250	1699
1.787500	1700
1.788750	1701
1.790000	1703
1.791250	1704
1.792500	1705
1.793750	1706
1.795000	1707
1.796250	1708
1.797500	1710
1.798750	1711
1.800000	1712
1.801250	1713
1.802500	1714
1.803750	1715
1.805000	1717
1.806250	1718
1.807500	1719
1.808750	1720
1.810000	1721
1.811250	1722
1.812500	1724
1.813750	1725
1.815000	1726
1.816250	1727
1.817500	1728
1.818750	1729
1.820000	1731
1.821250	1732
1.822500	1733
1.823750	1734
1.825000	1735
1.826250	1736
1.827500	1738
1.828750	1739
1.830000	1740
1.831250	1741
1.832500	1742
1.833750	1743
1.835000	1745
1.836250	1746
1.837500	1747
1.838750	1748
1.840000	1749
1.841250	1750
1.842500	1752
1.843750	1753
1.845000	1754
1.846250	1755
1.847500	1756
1.848750	1757
1.850000	1759
1.851250	1760
1.852500	1761
1.853750	1762
1.855000	1763
1.856250	1764
1.857500	1766
1.858750	1767
1.860000	1768
1.861250	1769
1.862500	1770
1.863750	1771
1.865000	1773
1.866250	1774
1.867500	1775
1.868750	1776
1.870000	1777
1.871250	1778
1.872500	1780
1.873750	1781
1.875000	1782
1.876250	1783
1.877500	1784
1.878750	1785
1.880000	1787
1.881250	1788
1.882500	1789
1.883750	1790
1.885000	1791
1.886250	1792
1.887500	1794
1.888750	1795
1.890000	1796
1.891250	1797
1.892500	1798
1.893750	1799
1.895000	1801
1.896250	1802
1.897500	1803
1.898750	1804
1.900000	1805
1.901250	1806
1.902500	1808
1.903750	1809
1.905000	1810
1.906250	1811
1.907500	1812
1.908750	1813
1.910000	1815
1.911250	1816
1.912500	1817
1.913750	1818
1.915000	1819
1.916250	1820
1.917500	1822
1.918750	1823
1.920000	1824
1.921250	1825
1.922500	1826
1.923750	1827
1.925000	1828
1.926250	1830
1.927500	1831
1.928750	1832
1.930000	1833
1.931250	1834
1.932500	1835
1.933750	1837
1.935000	1838
1.936250	1839
1.937500	1840
1.938750	1841
1.940000	1842
1.941250	1844
1.942500	1845
1.943750	1846
1.945000	1847
1.946250	1848
1.947500	1849
1.948750	1851
1.950000	1852
1.951250	1853
1.952500	1854
1.953750	1855
1.955000	1856
1.956250	1858
1.957500	1859
1.958750	1860
1.960000	1861
1.961250	1862
1.962500	1863
1.963750	1865
1.965000	1866
1.966250	1867
1.967500	1868
1.968750	1869
1.970000	1870
1.971250	1872
1.972500	1873
1.973750	1874
1.975000	1875
1.976250	1876
1.977500	1877
1.978750	1878
1.980000	1880
1.981250	1881
1.982500	1882
1.983750	1883
1.985000	1884
1.986250	1885
1.987500	1887
1.988750	1888
1.990000	1889
1.991250	1890
1.992500	1891
1.993750	1892
1.995000	1894
1.996250	1895
1.997500	1896
1.998750	1897
2.000000	1898
2.001250	1899
2.002500	1901
2.003750	1902
2.005000	1903
2.006250	1904
2.007500	1905
2.008750	1906
2.010000	1907
2.011250	1909
2.012500	1910
2.013750	1911
2.015000	1912
2.016250	1913
2.017500	1914
2.018750	1916
2.020000	1917
2.021250	1918
2.022500	1919
2.023750	1920
2.025000	1921
2.026250	1923
2.027500	1924
2.028750	1925
2.030000	1926
2.031250	1927
2.032500	1928
2.033750	1930
2.035000	1931
2.036250	1932
2.037500	1933
2.038750	1934
2.040000	1935
2.041250	1936
2.042500	1938
2.043750	1939
2.045000	1940
2.046250	1941
2.047500	1942
2.048750	1943
2.050000	1945
2.051250	1946
2.052500	1947
2.053750	1948
2.055000	1949
2.056250	1950
2.057500	1952
2.058750	1953
2.060000	1954
2.061250	1955
2.062500	1956
2.063750	1957
2.065000	1959
2.066250	1960
2.067500	1961
2.068750	1962
2.070000	1963
2.071250	1964
2.072500	1965
2.073750	1967
2.075000	1968
2.076250	1969
2.077500	1970
2.078750	1971
2.080000	1972
2.081250	1974
2.082500	1975
2.083750	1976
2.085000	1977
2.086250	1978
2.087500	1979
2.088750	1981
2.090000	1982
2.091250	1983
2.092500	1984
2.093750	1985
2.095000	1986
2.096250	1987
2.097500	1989
2.098750	1990
2.100000	1991
2.101250	1992
2.102500	1993
2.103750	1994
2.105000	1996
2.106250	1997
2.107500	1998
2.108750	1999
2.110000	2000
2.111250	2001
2.112500	2002
2.113750	2004
2.115000	2005
2.116250	2006
2.117500	2007
2.118750	2008
2.120000	2009
2.121250	2011
2.122500	2012
2.123750	2013
2.125000	2014
2.126250	2015
2.127500	2016
2.128750	2018
2.130000	2019
2.131250	2020
2.132500	2021
2.133750	2022
2.135000	2023
2.136250	2024
2.137500	2026
2.138750	2027
2.140000	2028
2.141250	2029
2.142500	2030
2.143750	2031
2.145000	2033
2.146250	2034
2.147500	2035
2.148750	2036
2.150000	2037
2.151250	2038
2.152500	2039
2.153750	2041
2.155000	2042
2.156250	2043
2.157500	2044
2.158750	2045
2.160000	2046
2.161250	2048
2.162500	2049
2.163750	2050
2.165000	2051
2.166250	2052
2.167500	2053
2.168750	2054
2.170000	2056
2.171250	2057
2.172500	2058
2.173750	2059
2.175000	2060
2.176250	2061
2.177500	2063
2.178750	2064
2.180000	2065
2.181250	2066
2.182500	2067
2.183750	2068
2.185000	2069
2.186250	2071
2.187500	2072
2.188750	2073
2.190000	2074
2.191250	2075
2.192500	2076
2.193750	2078
2.195000	2079
2.196250	2080
2.197500	2081
2.198750	2082
2.200000	2083
2.201250	2084
2.202500	2086
2.203750	2087
2.205000	2088
2.206250	2089
2.207500	2090
2.208750	2091
2.210000	2093
2.211250	2094
2.212500	2095
2.213750	2096
2.215000	2097
2.216250	2098
2.217500	2099
2.218750	2101
2.220000	2102
2.221250	2103
2.222500	2104
2.223750	2105
2.225000	2106
2.226250	2108
2.227500	2109
2.228750	2110
2.230000	2111
2.231250	2112
2.232500	2113
2.233750	2114
2.235000	2116
2.236250	2117
2.237500	2118
2.238750	2119
2.240000	2120
2.241250	2121
2.242500	2123
2.243750	2124
2.245000	2125
2.246250	2126
2.247500	2127
2.248750	2128
2.250000	2129
2.251250	2131
2.252500	2132
2.253750	2133
2.255000	2134
2.256250	2135
2.257500	2136
2.258750	2137
2.260000	2139
2.261250	2140
2.262500	2141
2.263750	2142
2.265000	2143
2.266250	2144
2.267500	2146
2.268750	2147
2.270000	2148
2.271250	2149
2.272500	2150
2.273750	2151
2.275000	2152
2.276250	2154
2.277500	2155
2.278750	2156
2.280000	2157
2.281250	2158
2.282500	2159
2.283750	2160
2.285000	2162
2.286250	2163
2.287500	2164
2.288750	2165
2.290000	2166
2.291250	2167
2.292500	2169
2.293750	2170
2.295000	2171
2.296250	2172
2.297500	2173
2.298750	2174
2.300000	2175
2.301250	2177
2.302500	2178
2.303750	2179
2.305000	2180
2.306250	2181
2.307500	2182
2.308750	2183
2.310000	2185
2.311250	2186
2.312500	2187
2.313750	2188
2.315000	2189
2.316250	2190
2.317500	2192
2.318750	2193
2.320000	2194
2.321250	2195
2.322500	2196
2.323750	2197
2.325000	2198
2.326250	2200
2.327500	2201
2.328750	2202
2.330000	2203
2.331250	2204
2.332500	2205
2.333750	2206
2.335000	2208
2.336250	2209
2.337500	2210
2.338750	2211
2.340000	2212
2.341250	2213
2.342500	2214
2.343750	2216
2.345000	2217
2.346250	2218
2.347500	2219
2.348750	2220
2.350000	2221
2.351250	2223
2.352500	2224
2.353750	2225
2.355000	2226
2.356250	2227
2.357500	2228
2.358750	2229
2.360000	2231
2.361250	2232
2.362500	2233
2.363750	2234
2.365000	2235
2.366250	2236
2.367500	2237
2.368750	2239
2.370000	2240
2.371250	2241
2.372500	2242
2.373750	2243
2.375000	2244
2.376250	2245
2.377500	2247
2.378750	2248
2.380000	2249
2.381250	2250
2.382500	2251
2.383750	2252
2.385000	2253
2.386250	2255
2.387500	2256
2.388750	2257
2.390000	2258
2.391250	2259
2.392500	2260
2.393750	2261
2.395000	2263
2.396250	2264
2.397500	2265
2.398750	2266
2.400000	2267
2.401250	2268
2.402500	2270
2.403750	2271
2.405000	2272
2.406250	2273
2.407500	2274
2.408750	2275
2.410000	2276
2.411250	2278
2.412500	2279
2.413750	2280
2.415000	2281
2.416250	2282
2.417500	2283
2.418750	2284
2.420000	2286
2.421250	2287
2.422500	2288
2.423750	2289
2.425000	2290
2.426250	2291
2.427500	2292
2.428750	2294
2.430000	2295
2.431250	2296
2.432500	2297
2.433750	2298
2.435000	2299
2.436250	2300
2.437500	2302
2.438750	2303
2.440000	2304
2.441250	2305
2.442500	2306
2.443750	2307
2.445000	2308
2.446250	2310
2.447500	2311
2.448750	2312
2.450000	2313
2.451250	2314
2.452500	2315
2.453750	2316
2.455000	2318
2.456250	2319
2.457500	2320
2.458750	2321
2.460000	2322
2.461250	2323
2.462500	2324
2.463750	2326
2.465000	2327
2.466250	2328
2.467500	2329
2.468750	2330
2.470000	2331
2.471250	2332
2.472500	2334
2.473750	2335
2.475000	2336
2.476250	2337
2.477500	2338
2.478750	2339
2.480000	2340
2.481250	2342
2.482500	2343
2.483750	2344
2.485000	2345
2.486250	2346
2.487500	2347
2.488750	2348
2.490000	2350
2.491250	2351
2.492500	2352
2.493750	2353
2.495000	2354
2.496250	2355
2.497500	2356
2.498750	2358
2.500000	2359
2.501250	2360
2.502500	2361
2.503750	2362
2.505000	2363
2.506250	2364
2.507500	2366
2.508750	2367
2.510000	2368
2.511250	2369
2.512500	2370
2.513750	2371
2.515000	2372
2.516250	2373
2.517500	2375
2.518750	2376
2.520000	2377
2.521250	2378
2.522500	2379
2.523750	2380
2.525000	2381
2.526250	2383
2.527500	2384
2.528750	2385
2.530000	2386
2.531250	2387
2.532500	2388
2.533750	2389
2.535000	2391
2.536250	2392
2.537500	2393
2.538750	2394
2.540000	2395
2.541250	2396
2.542500	2397
2.543750	2399
2.545000	2400
2.546250	2401
2.547500	2402
2.548750	2403
2.550000	2404
2.551250	2405
2.552500	2407
2.553750	2408
2.555000	2409
2.556250	2410
2.557500	2411
2.558750	2412
2.560000	2413
2.561250	2415
2.562500	2416
2.563750	2417
2.565000	2418
2.566250	2419
2.567500	2420
2.568750	2421
2.570000	2422
2.571250	2424
2.572500	2425
2.573750	2426
2.575000	2427
2.576250	2428
2.577500	2429
2.578750	2430
2.580000	2432
2.581250	2433
2.582500	2434
2.583750	2435
2.585000	2436
2.586250	2437
2.587500	2438
2.588750	2440
2.590000	2441
2.591250	2442
2.592500	2443
2.593750	2444
2.595000	2445
2.596250	2446
2.597500	2447
2.598750	2449
2.600000	2450
2.601250	2451
2.602500	2452
2.603750	2453
2.605000	2454
2.606250	2455
2.607500	2457
2.608750	2458
2.610000	2459
2.611250	2460
2.612500	2461
2.613750	2462
2.615000	2463
2.616250	2465
2.617500	2466
2.618750	2467
2.620000	2468
2.621250	2469
2.622500	2470
2.623750	2471
2.625000	2472
2.626250	2474
2.627500	2475
2.628750	2476
2.630000	2477
2.631250	2478
2.632500	2479
2.633750	2480
2.635000	2482
2.636250	2483
2.637500	2484
2.638750	2485
2.640000	2486
2.641250	2487
2.642500	2488
2.643750	2490
2.645000	2491
2.646250	2492
2.647500	2493
2.648750	2494
2.650000	2495
2.651250	2496
2.652500	2497
2.653750	2499
2.655000	2500
2.656250	2501
2.657500	2502
2.658750	2503
2.660000	2504
2.661250	2505
2.662500	2507
2.663750	2508
2.665000	2509
2.666250	2510
2.667500	2511
2.668750	2512
2.670000	2513
2.671250	2514
2.672500	2516
2.673750	2517
2.675000	2518
2.676250	2519
2.677500	2520
2.678750	2521
2.680000	2522
2.681250	2524
2.682500	2525
2.683750	2526
2.685000	2527
2.686250	2528
2.687500	2529
2.688750	2530
2.690000	2531
2.691250	2533
2.692500	2534
2.693750	2535
2.695000	2536
2.696250	2537
2.697500	2538
2.698750	2539
2.700000	2541
2.701250	2542
2.702500	2543
2.703750	2544
2.705000	2545
2.706250	2546
2.707500	2547
2.708750	2548
2.710000	2550
2.711250	2551
2.712500	2552
2.713750	2553
2.715000	2554
2.716250	2555
2.717500	2556
2.718750	2557
2.720000	2559
2.721250	2560
2.722500	2561
2.723750	2562
2.725000	2563
2.726250	2564
2.727500	2565
2.728750	2567
2.730000	2568
2.731250	2569
2.732500	2570
2.733750	2571
2.735000	2572
2.736250	2573
2.737500	2574
2.738750	2576
2.740000	2577
2.741250	2578
2.742500	2579
2.743750	2580
2.745000	2581
2.746250	2582
2.747500	2583
2.748750	2585
2.750000	2586
2.751250	2587
2.752500	2588
2.753750	2589
2.755000	2590
2.756250	2591
2.757500	2593
2.758750	2594
2.760000	2595
2.761250	2596
2.762500	2597
2.763750	2598
2.765000	2599
2.766250	2600
2.767500	2602
2.768750	2603
2.770000	2604
2.771250	2605
2.772500	2606
2.773750	2607
2.775000	2608
2.776250	2609
2.777500	2611
2.778750	2612
2.780000	2613
2.781250	2614
2.782500	2615
2.783750	2616
2.785000	2617
2.786250	2618
2.787500	2620
2.788750	2621
2.790000	2622
2.791250	2623
2.792500	2624
2.793750	2625
2.795000	2626
2.796250	2628
2.797500	2629
2.798750	2630
2.800000	2631
2.801250	2632
2.802500	2633
2.803750	2634
2.805000	2635
2.806250	2637
2.807500	2638
2.808750	2639
2.810000	2640
2.811250	2641
2.812500	2642
2.813750	2643
2.815000	2644
2.816250	2646
2.817500	2647
2.818750	2648
2.820000	2649
2.821250	2650
2.822500	2651
2.823750	2652
2.825000	2653
2.826250	2655
2.827500	2656
2.828750	2657
2.830000	2658
2.831250	2659
2.832500	2660
2.833750	2661
2.835000	2662
2.836250	2664
2.837500	2665
2.838750	2666
2.840000	2667
2.841250	2668
2.842500	2669
2.843750	2670
2.845000	2671
2.846250	2673
2.847500	2674
2.848750	2675
2.850000	2676
2.851250	2677
2.852500	2678
2.853750	2679
2.855000	2680
2.856250	2682
2.857500	2683
2.858750	2684
2.860000	2685
2.861250	2686
2.862500	2687
2.863750	2688
2.865000	2689
2.866250	2691
2.867500	2692
2.868750	2693
2.870000	2694
2.871250	2695
2.872500	2696
2.873750	2697
2.875000	2698
2.876250	2700
2.877500	2701
2.878750	2702
2.880000	2703
2.881250	2704
2.882500	2705
2.883750	2706
2.885000	2707
2.886250	2709
2.887500	2710
2.888750	2711
2.890000	2712
2.891250	2713
2.892500	2714
2.893750	2715
2.895000	2716
2.896250	2718
2.897500	2719
2.898750	2720
2.900000	2721
2.901250	2722
2.902500	2723
2.903750	2724
2.905000	2725
2.906250	2727
2.907500	2728
2.908750	2729
2.910000	2730
2.911250	2731
2.912500	2732
2.913750	2733
2.915000	2734
2.916250	2736
2.917500	2737
2.918750	2738
2.920000	2739
2.921250	2740
2.922500	2741
2.923750	2742
2.925000	2743
2.926250	2744
2.927500	2746
2.928750	2747
2.930000	2748
2.931250	2749
2.932500	2750
2.933750	2751
2.935000	2752
2.936250	2753
2.937500	2755
2.938750	2756
2.940000	2757
2.941250	2758
2.942500	2759
2.943750	2760
2.945000	2761
2.946250	2762
2.947500	2764
2.948750	2765
2.950000	2766
2.951250	2767
2.952500	2768
2.953750	2769
2.955000	2770
2.956250	2771
2.957500	2772
2.958750	2774
2.960000	2775
2.961250	2776
2.962500	2777
2.963750	2778
2.965000	2779
2.966250	2780
2.967500	2781
2.968750	2783
2.970000	2784
2.971250	2785
2.972500	2786
2.973750	2787
2.975000	2788
2.976250	2789
2.977500	2790
2.978750	2792
2.980000	2793
2.981250	2794
2.982500	2795
2.983750	2796
2.985000	2797
2.986250	2798
2.987500	2799
2.988750	2800
2.990000	2802
2.991250	2803
2.992500	2804
2.993750	2805
2.995000	2806
2.996250	2807
2.997500	2808
2.998750	2809
3.000000	2811
3.001250	2812
3.002500	2813
3.003750	2814
3.005000	2815
3.006250	2816
3.007500	2817
3.008750	2818
3.010000	2819
3.011250	2821
3.012500	2822
3.013750	2823
3.015000	2824
3.016250	2825
3.017500	2826
3.018750	2827
3.020000	2828
3.021250	2830
3.022500	2831
3.023750	2832
3.025000	2833
3.026250	2834
3.027500	2835
3.028750	2836
3.030000	2837
3.031250	2838
3.032500	2840
3.033750	2841
3.035000	2842
3.036250	2843
3.037500	2844
3.038750	2845
3.040000	2846
3.041250	2847
3.042500	2849
3.043750	2850
3.045000	2851
3.046250	2852
3.047500	2853
3.048750	2854
3.050000	2855
3.051250	2856
3.052500	2857
3.053750	2859
3.055000	2860
3.056250	2861
3.057500	2862
3.058750	2863
3.060000	2864
3.061250	2865
3.062500	2866
3.063750	2867
3.065000	2869
3.066250	2870
3.067500	2871
3.068750	2872
3.070000	2873
3.071250	2874
3.072500	2875
3.073750	2876
3.075000	2878
3.076250	2879
3.077500	2880
3.078750	2881
3.080000	2882
3.081250	2883
3.082500	2884
3.083750	2885
3.085000	2886
3.086250	2888
3.087500	2889
3.088750	2890
3.090000	2891
3.091250	2892
3.092500	2893
3.093750	2894
3.095000	2895
3.096250	2896
3.097500	2898
3.098750	2899
3.100000	2900
3.101250	2901
3.102500	2902
3.103750	2903
3.105000	2904
3.106250	2905
3.107500	2906
3.108750	2908
3.110000	2909
3.111250	2910
3.112500	2911
3.113750	2912
3.115000	2913
3.116250	2914
3.117500	2915
3.118750	2916
3.120000	2918
3.121250	2919
3.122500	2920
3.123750	2921
3.125000	2922
3.126250	2923
3.127500	2924
3.128750	2925
3.130000	2926
3.131250	2928
3.132500	2929
3.133750	2930
3.135000	2931
3.136250	2932
3.137500	2933
3.138750	2934
3.140000	2935
3.141250	2936
3.142500	2938
3.143750	2939
3.145000	2940
3.146250	2941
3.147500	2942
3.148750	2943
3.150000	2944
3.151250	2945
3.152500	2946
3.153750	2948
3.155000	2949
3.156250	2950
3.157500	2951
3.158750	2952
3.160000	2953
3.161250	2954
3.162500	2955
3.163750	2956
3.165000	2958
3.166250	2959
3.167500	2960
3.168750	2961
3.170000	2962
3.171250	2963
3.172500	2964
3.173750	2965
3.175000	2966
3.176250	2968
3.177500	2969
3.178750	2970
3.180000	2971
3.181250	2972
3.182500	2973
3.183750	2974
3.185000	2975
3.186250	2976
3.187500	2978
3.188750	2979
3.190000	2980
3.191250	2981
3.192500	2982
3.193750	2983
3.195000	2984
3.196250	2985
3.197500	2986
3.198750	2988
3.200000	2989
3.201250	2990
3.202500	2991
3.203750	2992
3.205000	2993
3.206250	2994
3.207500	2995
3.208750	2996
3.210000	2997
3.211250	2999
3.212500	3000
3.213750	3001
3.215000	3002
3.216250	3003
3.217500	3004
3.218750	3005
3.220000	3006
3.221250	3007
3.222500	3009
3.223750	3010
3.225000	3011
3.226250	3012
3.227500	3013
3.228750	3014
3.230000	3015
3.231250	3016
3.232500	3017
3.233750	3019
3.235000	3020
3.236250	3021
3.237500	3022
3.238750	3023
3.240000	3024
3.241250	3025
3.242500	3026
3.243750	3027
3.245000	3028
3.246250	3030
3.247500	3031
3.248750	3032
3.250000	3033
3.251250	3034
3.252500	3035
3.253750	3036
3.255000	3037
3.256250	3038
3.257500	3040
3.258750	3041
3.260000	3042
3.261250	3043
3.262500	3044
3.263750	3045
3.265000	3046
3.266250	3047
3.267500	3048
3.268750	3049
3.270000	3051
3.271250	3052
3.272500	3053
3.273750	3054
3.275000	3055
3.276250	3056
3.277500	3057
3.278750	3058
3.280000	3059
3.281250	3061
3.282500	3062
3.283750	3063
3.285000	3064
3.286250	3065
3.287500	3066
3.288750	3067
3.290000	3068
3.291250	3069
3.292500	3070
3.293750	3072
3.295000	3073
3.296250	3074
3.297500	3075
3.298750	3076
3.300000	3077
3.301250	3078
3.302500	3079
3.303750	3080
3.305000	3081
3.306250	3083
3.307500	3084
3.308750	3085
3.310000	3086
3.311250	3087
3.312500	3088
3.313750	3089
3.315000	3090
3.316250	3091
3.317500	3093
3.318750	3094
3.320000	3095
3.321250	3096
3.322500	3097
3.323750	3098
3.325000	3099
3.326250	3100
3.327500	3101
3.328750	3102
3.330000	3104
3.331250	3105
3.332500	3106
3.333750	3107
3.335000	3108
3.336250	3109
3.337500	3110
3.338750	3111
3.340000	3112
3.341250	3113
3.342500	3115
3.343750	3116
3.345000	3117
3.346250	3118
3.347500	3119
3.348750	3120
3.350000	3121
3.351250	3122
3.352500	3123
3.353750	3124
3.355000	3126
3.356250	3127
3.357500	3128
3.358750	3129
3.360000	3130
3.361250	3131
3.362500	3132
3.363750	3133
3.365000	3134
3.366250	3135
3.367500	3137
3.368750	3138
3.370000	3139
3.371250	3140
3.372500	3141
3.373750	3142
3.375000	3143
3.376250	3144
3.377500	3145
3.378750	3146
3.380000	3148
3.381250	3149
3.382500	3150
3.383750	3151
3.385000	3152
3.386250	3153
3.387500	3154
3.388750	3155
3.390000	3156
3.391250	3157
3.392500	3159
3.393750	3160
3.395000	3161
3.396250	3162
3.397500	3163
3.398750	3164
3.400000	3165
3.401250	3166
3.402500	3167
3.403750	3168
3.405000	3169
3.406250	3171
3.407500	3172
3.408750	3173
3.410000	3174
3.411250	3175
3.412500	3176
3.413750	3177
3.415000	3178
3.416250	3179
3.417500	3180
3.418750	3182
3.420000	3183
3.421250	3184
3.422500	3185
3.423750	3186
3.425000	3187
3.426250	3188
3.427500	3189
3.428750	3190
3.430000	3191
3.431250	3193
3.432500	3194
3.433750	3195
3.435000	3196
3.436250	3197
3.437500	3198
3.438750	3199
3.440000	3200
3.441250	3201
3.442500	3202
3.443750	3203
3.445000	3205
3.446250	3206
3.447500	3207
3.448750	3208
3.450000	3209
3.451250	3210
3.452500	3211
3.453750	3212
3.455000	3213
3.456250	3214
3.457500	3216
3.458750	3217
3.460000	3218
3.461250	3219
3.462500	3220
3.463750	3221
3.465000	3222
3.466250	3223
3.467500	3224
3.468750	3225
3.470000	3226
3.471250	3228
3.472500	3229
3.473750	3230
3.475000	3231
3.476250	3232
3.477500	3233
3.478750	3234
3.480000	3235
3.481250	3236
3.482500	3237
3.483750	3238
3.485000	3240
3.486250	3241
3.487500	3242
3.488750	3243
3.490000	3244
3.491250	3245
3.492500	3246
3.493750	3247
3.495000	3248
3.496250	3249
3.497500	3251
3.498750	3252
3.500000	3253
3.501250	3254
3.502500	3255
3.503750	3256
3.505000	3257
3.506250	3258
3.507500	3259
3.508750	3260
3.510000	3261
3.511250	3263
3.512500	3264
3.513750	3265
3.515000	3266
3.516250	3267
3.517500	3268
3.518750	3269
3.520000	3270
3.521250	3271
3.522500	3272
3.523750	3273
3.525000	3275
3.526250	3276
3.527500	3277
3.528750	3278
3.530000	3279
3.531250	3280
3.532500	3281
3.533750	3282
3.535000	3283
3.536250	3284
3.537500	3285
3.538750	3287
3.540000	3288
3.541250	3289
3.542500	3290
3.543750	3291
3.545000	3292
3.546250	3293
3.547500	3294
3.548750	3295
3.550000	3296
3.551250	3297
3.552500	3299
3.553750	3300
3.555000	3301
3.556250	3302
3.557500	3303
3.558750	3304
3.560000	3305
3.561250	3306
3.562500	3307
3.563750	3308
3.565000	3309
3.566250	3311
3.567500	3312
3.568750	3313
3.570000	3314
3.571250	3315
3.572500	3316
3.573750	3317
3.575000	3318
3.576250	3319
3.577500	3320
3.578750	3321
3.580000	3322
3.581250	3324
3.582500	3325
3.583750	3326
3.585000	3327
3.586250	3328
3.587500	3329
3.588750	3330
3.590000	3331
3.591250	3332
3.592500	3333
3.593750	3334
3.595000	3336
3.596250	3337
3.597500	3338
3.598750	3339
3.600000	3340
3.601250	3341
3.602500	3342
3.603750	3343
3.605000	3344
3.606250	3345
3.607500	3346
3.608750	3347
3.610000	3349
3.611250	3350
3.612500	3351
3.613750	3352
3.615000	3353
3.616250	3354
3.617500	3355
3.618750	3356
3.620000	3357
3.621250	3358
3.622500	3359
3.623750	3361
3.625000	3362
3.626250	3363
3.627500	3364
3.628750	3365
3.630000	3366
3.631250	3367
3.632500	3368
3.633750	3369
3.635000	3370
3.636250	3371
3.637500	3372
3.638750	3374
3.640000	3375
3.641250	3376
3.642500	3377
3.643750	3378
3.645000	3379
3.646250	3380
3.647500	3381
3.648750	3382
3.650000	3383
3.651250	3384
3.652500	3385
3.653750	3387
3.655000	3388
3.656250	3389
3.657500	3390
3.658750	3391
3.660000	3392
3.661250	3393
3.662500	3394
3.663750	3395
3.665000	3396
3.666250	3397
3.667500	3398
3.668750	3400
3.670000	3401
3.671250	3402
3.672500	3403
3.673750	3404
3.675000	3405
3.676250	3406
3.677500	3407
3.678750	3408
3.680000	3409
3.681250	3410
3.682500	3411
3.683750	3413
3.685000	3414
3.686250	3415
3.687500	3416
3.688750	3417
3.690000	3418
3.691250	3419
3.692500	3420
3.693750	3421
3.695000	3422
3.696250	3423
3.697500	3424
3.698750	3426
3.700000	3427
3.701250	3428
3.702500	3429
3.703750	3430
3.705000	3431
3.706250	3432
3.707500	3433
3.708750	3434
3.710000	3435
3.711250	3436
3.712500	3437
3.713750	3439
3.715000	3440
3.716250	3441
3.717500	3442
3.718750	3443
3.720000	3444
3.721250	3445
3.722500	3446
3.723750	3447
3.725000	3448
3.726250	3449
3.727500	3450
3.728750	3452
3.730000	3453
3.731250	3454
3.732500	3455
3.733750	3456
3.735000	3457
3.736250	3458
3.737500	3459
3.738750	3460
3.740000	3461
3.741250	3462
3.742500	3463
3.743750	3464
3.745000	3466
3.746250	3467
3.747500	3468
3.748750	3469
3.750000	3470
3.751250	3471
3.752500	3472
3.753750	3473
3.755000	3474
3.756250	3475
3.757500	3476
3.758750	3477
3.760000	3478
3.761250	3480
3.762500	3481
3.763750	3482
3.765000	3483
3.766250	3484
3.767500	3485
3.768750	3486
3.770000	3487
3.771250	3488
3.772500	3489
3.773750	3490
3.775000	3491
3.776250	3493
3.777500	3494
3.778750	3495
3.780000	3496
3.781250	3497
3.782500	3498
3.783750	3499
3.785000	3500
3.786250	3501
3.787500	3502
3.788750	3503
3.790000	3504
3.791250	3505
3.792500	3507
3.793750	3508
3.795000	3509
3.796250	3510
3.797500	3511
3.798750	3512
3.800000	3513
3.801250	3514
3.802500	3515
3.803750	3516
3.805000	3517
3.806250	3518
3.807500	3519
3.808750	3521
3.810000	3522
3.811250	3523
3.812500	3524
3.813750	3525
3.815000	3526
3.816250	3527
3.817500	3528
3.818750	3529
3.820000	3530
3.821250	3531
3.822500	3532
3.823750	3533
3.825000	3534
3.826250	3536
3.827500	3537
3.828750	3538
3.830000	3539
3.831250	3540
3.832500	3541
3.833750	3542
3.835000	3543
3.836250	3544
3.837500	3545
3.838750	3546
3.840000	3547
3.841250	3548
3.842500	3550
3.843750	3551
3.845000	3552
3.846250	3553
3.847500	3554
3.848750	3555
3.850000	3556
3.851250	3557
3.852500	3558
3.853750	3559
3.855000	3560
3.856250	3561
3.857500	3562
3.858750	3563
3.860000	3565
3.861250	3566
3.862500	3567
3.863750	3568
3.865000	3569
3.866250	3570
3.867500	3571
3.868750	3572
3.870000	3573
3.871250	3574
3.872500	3575
3.873750	3576
3.875000	3577
3.876250	3578
3.877500	3580
3.878750	3581
3.880000	3582
3.881250	3583
3.882500	3584
3.883750	3585
3.885000	3586
3.886250	3587
3.887500	3588
3.888750	3589
3.890000	3590
3.891250	3591
3.892500	3592
3.893750	3594
3.895000	3595
3.896250	3596
3.897500	3597
3.898750	3598
3.900000	3599
3.901250	3600
3.902500	3601
3.903750	3602
3.905000	3603
3.906250	3604
3.907500	3605
3.908750	3606
3.910000	3607
3.911250	3608
3.912500	3610
3.913750	3611
3.915000	3612
3.916250	3613
3.917500	3614
3.918750	3615
3.920000	3616
3.921250	3617
3.922500	3618
3.923750	3619
3.925000	3620
3.926250	3621
3.927500	3622
3.928750	3623
3.930000	3625
3.931250	3626
3.932500	3627
3.933750	3628
3.935000	3629
3.936250	3630
3.937500	3631
3.938750	3632
3.940000	3633
3.941250	3634
3.942500	3635
3.943750	3636
3.945000	3637
3.946250	3638
3.947500	3639
3.948750	3641
3.950000	3642
3.951250	3643
3.952500	3644
3.953750	3645
3.955000	3646
3.956250	3647
3.957500	3648
3.958750	3649
3.960000	3650
3.961250	3651
3.962500	3652
3.963750	3653
3.965000	3654
3.966250	3656
3.967500	3657
3.968750	3658
3.970000	3659
3.971250	3660
3.972500	3661
3.973750	3662
3.975000	3663
3.976250	3664
3.977500	3665
3.978750	3666
3.980000	3667
3.981250	3668
3.982500	3669
3.983750	3670
3.985000	3672
3.986250	3673
3.987500	3674
3.988750	3675
3.990000	3676
3.991250	3677
3.992500	3678
3.993750	3679
3.995000	3680
3.996250	3681
3.997500	3682
3.998750	3683
4.000000	3684
4.001250	3685
4.002500	3686
4.003750	3687
4.005000	3689
4.006250	3690
4.007500	3691
4.008750	3692
4.010000	3693
4.011250	3694
4.012500	3695
4.013750	3696
4.015000	3697
4.016250	3698
4.017500	3699
4.018750	3700
4.020000	3701
4.021250	3702
4.022500	3703
4.023750	3705
4.025000	3706
4.026250	3707
4.027500	3708
4.028750	3709
4.030000	3710
4.031250	3711
4.032500	3712
4.033750	3713
4.035000	3714
4.036250	3715
4.037500	3716
4.038750	3717
4.040000	3718
4.041250	3719
4.042500	3720
4.043750	3722
4.045000	3723
4.046250	3724
4.047500	3725
4.048750	3726
4.050000	3727
4.051250	3728
4.052500	3729
4.053750	3730
4.055000	3731
4.056250	3732
4.057500	3733
4.058750	3734
4.060000	3735
4.061250	3736
4.062500	3737
4.063750	3739
4.065000	3740
4.066250	3741
4.067500	3742
4.068750	3743
4.070000	3744
4.071250	3745
4.072500	3746
4.073750	3747
4.075000	3748
4.076250	3749
4.077500	3750
4.078750	3751
4.080000	3752
4.081250	3753
4.082500	3754
4.083750	3756
4.085000	3757
4.086250	3758
4.087500	3759
4.088750	3760
4.090000	3761
4.091250	3762
4.092500	3763
4.093750	3764
4.095000	3765
4.096250	3766
4.097500	3767
4.098750	3768
4.100000	3769
4.101250	3770
4.102500	3771
4.103750	3772
4.105000	3774
4.106250	3775
4.107500	3776
4.108750	3777
4.110000	3778
4.111250	3779
4.112500	3780
4.113750	3781
4.115000	3782
4.116250	3783
4.117500	3784
4.118750	3785
4.120000	3786
4.121250	3787
4.122500	3788
4.123750	3789
4.125000	3790
4.126250	3792
4.127500	3793
4.128750	3794
4.130000	3795
4.131250	3796
4.132500	3797
4.133750	3798
4.135000	3799
4.136250	3800
4.137500	3801
4.138750	3802
4.140000	3803
4.141250	3804
4.142500	3805
4.143750	3806
4.145000	3807
4.146250	3808
4.147500	3810
4.148750	3811
4.150000	3812
4.151250	3813
4.152500	3814
4.153750	3815
4.155000	3816
4.156250	3817
4.157500	3818
4.158750	3819
4.160000	3820
4.161250	3821
4.162500	3822
4.163750	3823
4.165000	3824
4.166250	3825
4.167500	3826
4.168750	3827
4.170000	3829
4.171250	3830
4.172500	3831
4.173750	3832
4.175000	3833
4.176250	3834
4.177500	3835
4.178750	3836
4.180000	3837
4.181250	3838
4.182500	3839
4.183750	3840
4.185000	3841
4.186250	3842
4.187500	3843
4.188750	3844
4.190000	3845
4.191250	3846
4.192500	3848
4.193750	3849
4.195000	3850
4.196250	3851
4.197500	3852
4.198750	3853
4.200000	3854
4.201250	3855
4.202500	3856
4.203750	3857
4.205000	3858
4.206250	3859
4.207500	3860
4.208750	3861
4.210000	3862
4.211250	3863
4.212500	3864
4.213750	3865
4.215000	3866
4.216250	3868
4.217500	3869
4.218750	3870
4.220000	3871
4.221250	3872
4.222500	3873
4.223750	3874
4.225000	3875
4.226250	3876
4.227500	3877
4.228750	3878
4.230000	3879
4.231250	3880
4.232500	3881
4.233750	3882
4.235000	3883
4.236250	3884
4.237500	3885
4.238750	3886
4.240000	3888
4.241250	3889
4.242500	3890
4.243750	3891
4.245000	3892
4.246250	3893
4.247500	3894
4.248750	3895
4.250000	3896
4.251250	3897
4.252500	3898
4.253750	3899
4.255000	3900
4.256250	3901
4.257500	3902
4.258750	3903
4.260000	3904
4.261250	3905
4.262500	3906
4.263750	3908
4.265000	3909
4.266250	3910
4.267500	3911
4.268750	3912
4.270000	3913
4.271250	3914
4.272500	3915
4.273750	3916
4.275000	3917
4.276250	3918
4.277500	3919
4.278750	3920
4.280000	3921
4.281250	3922
4.282500	3923
4.283750	3924
4.285000	3925
4.286250	3926
4.287500	3927
4.288750	3929
4.290000	3930
4.291250	3931
4.292500	3932
4.293750	3933
4.295000	3934
4.296250	3935
4.297500	3936
4.298750	3937
4.300000	3938
4.301250	3939
4.302500	3940
4.303750	3941
4.305000	3942
4.306250	3943
4.307500	3944
4.308750	3945
4.310000	3946
4.311250	3947
4.312500	3948
4.313750	3949
4.315000	3951
4.316250	3952
4.317500	3953
4.318750	3954
4.320000	3955
4.321250	3956
4.322500	3957
4.323750	3958
4.325000	3959
4.326250	3960
4.327500	3961
4.328750	3962
4.330000	3963
4.331250	3964
4.332500	3965
4.333750	3966
4.335000	3967
4.336250	3968
4.337500	3969
4.338750	3970
4.340000	3971
4.341250	3973
4.342500	3974
4.343750	3975
4.345000	3976
4.346250	3977
4.347500	3978
4.348750	3979
4.350000	3980
4.351250	3981
4.352500	3982
4.353750	3983
4.355000	3984
4.356250	3985
4.357500	3986
4.358750	3987
4.360000	3988
4.361250	3989
4.362500	3990
4.363750	3991
4.365000	3992
4.366250	3993
4.367500	3994
4.368750	3996
4.370000	3997
4.371250	3998
4.372500	3999
4.373750	4000
4.375000	4001
4.376250	4002
4.377500	4003
4.378750	4004
4.380000	4005
4.381250	4006
4.382500	4007
4.383750	4008
4.385000	4009
4.386250	4010
4.387500	4011
4.388750	4012
4.390000	4013
4.391250	4014
4.392500	4015
4.393750	4016
4.395000	4017
4.396250	4018
4.397500	4020
4.398750	4021
4.400000	4022
4.401250	4023
4.402500	4024
4.403750	4025
4.405000	4026
4.406250	4027
4.407500	4028
4.408750	4029
4.410000	4030
4.411250	4031
4.412500	4032
4.413750	4033
4.415000	4034
4.416250	4035
4.417500	4036
4.418750	4037
4.420000	4038
4.421250	4039
4.422500	4040
4.423750	4041
4.425000	4042
4.426250	4043
4.427500	4045
4.428750	4046
4.430000	4047
4.431250	4048
4.432500	4049
4.433750	4050
4.435000	4051
4.436250	4052
4.437500	4053
4.438750	4054
4.440000	4055
4.441250	4056
4.442500	4057
4.443750	4058
4.445000	4059
4.446250	4060
4.447500	4061
4.448750	4062
4.450000	4063
4.451250	4064
4.452500	4065
4.453750	4066
4.455000	4067
4.456250	4068
4.457500	4069
4.458750	4071
4.460000	4072
4.461250	4073
4.462500	4074
4.463750	4075
4.465000	4076
4.466250	4077
4.467500	4078
4.468750	4079
4.470000	4080
4.471250	4081
4.472500	4082
4.473750	4083
4.475000	4084
4.476250	4085
4.477500	4086
4.478750	4087
4.480000	4088
4.481250	4089
4.482500	4090
4.483750	4091
4.485000	4092
4.486250	4093
4.487500	4094
4.488750	4095
4.490000	4095
4.491250	4095
4.492500	4095
4.493750	4095
4.495000	4095
4.496250	4095
4.497500	4095
4.498750	4095
4.500000	4095
4.501250	4095
4.502500	4095
4.503750	4095
4.505000	4095
4.506250	4095
4.507500	4095
4.508750	4095
4.510000	4095
4.511250	4095
4.512500	4095
4.513750	4095
4.515000	4095
4.516250	4095
4.517500	4095
4.518750	4095
4.520000	4095
4.521250	4095
4.522500	4095
4.523750	4095
4.525000	4095
4.526250	4095
4.527500	4095
4.528750	4095
4.530000	4095
4.531250	4095
4.532500	4095
4.533750	4095
4.535000	4095
4.536250	4095
4.537500	4095
4.538750	4095
4.540000	4095
4.541250	4095
4.542500	4095
4.543750	4095
4.545000	4095
4.546250	4095
4.547500	4095
4.548750	4095
4.550000	4095
4.551250	4095
4.552500	4095
4.553750	4095
4.555000	4095
4.556250	4095
4.557500	4095
4.558750	4095
4.560000	4095
4.561250	4095
4.562500	4095
4.563750	4095
4.565000	4095
4.566250	4095
4.567500	4095
4.568750	4095
4.570000	4095
4.571250	4095
4.572500	4095
4.573750	4095
4.575000	4095
4.576250	4095
4.577500	4095
4.578750	4095
4.580000	4095
4.581250	4095
4.582500	4095
4.583750	4095
4.585000	4095
4.586250	4095
4.587500	4095
4.588750	4095
4.590000	4095
4.591250	4095
4.592500	4095
4.593750	4095
4.595000	4095
4.596250	4095
4.597500	4095
4.598750	4095
4.600000	4095
4.601250	4095
4.602500	4095
4.603750	4095
4.605000	4095
4.606250	4095
4.607500	4095
4.608750	4095
4.610000	4095
4.611250	4095
4.612500	4095
4.613750	4095
4.615000	4095
4.616250	4095
4.617500	4095
4.618750	4095
4.620000	4095
4.621250	4095
4.622500	4095
4.623750	4095
4.625000	4095
4.626250	4095
4.627500	4095
4.628750	4095
4.630000	4095
4.631250	4095
4.632500	4095
4.633750	4095
4.635000	4095
4.636250	4095
4.637500	4095
4.638750	4095
4.640000	4095
4.641250	4095
4.642500	4095
4.643750	4095
4.645000	4095
4.646250	4095
4.647500	4095
4.648750	4095
4.650000	4095
4.651250	4095
4.652500	4095
4.653750	4095
4.655000	4095
4.656250	4095
4.657500	4095
4.658750	4095
4.660000	4095
4.661250	4095
4.662500	4095
4.663750	4095
4.665000	4095
4.666250	4095
4.667500	4095
4.668750	4095
4.670000	4095
4.671250	4095
4.672500	4095
4.673750	4095
4.675000	4095
4.676250	4095
4.677500	4095
4.678750	4095
4.680000	4095
4.681250	4095
4.682500	4095
4.683750	4095
4.685000	4095
4.686250	4095
4.687500	4095
4.688750	4095
4.690000	4095
4.691250	4095
4.692500	4095
4.693750	4095
4.695000	4095
4.696250	4095
4.697500	4095
4.698750	4095
4.700000	4095
4.701250	4095
4.702500	4095
4.703750	4095
4.705000	4095
4.706250	4095
4.707500	4095
4.708750	4095
4.710000	4095
4.711250	4095
4.712500	4095
4.713750	4095
4.715000	4095
4.716250	4095
4.717500	4095
4.718750	4095
4.720000	4095
4.721250	4095
4.722500	4095
4.723750	4095
4.725000	4095
4.726250	4095
4.727500	4095
4.728750	4095
4.730000	4095
4.731250	4095
4.732500	4095
4.733750	4095
4.735000	4095
4.736250	4095
4.737500	4095
4.738750	4095
4.740000	4095
4.741250	4095
4.742500	4095
4.743750	4095
4.745000	4095
4.746250	4095
4.747500	4095
4.748750	4095
4.750000	4095
4.751250	4095
4.752500	4095
4.753750	4095
4.755000	4095
4.756250	4095
4.757500	4095
4.758750	4095
4.760000	4095
4.761250	4095
4.762500	4095
4.763750	4095
4.765000	4095
4.766250	4095
4.767500	4095
4.768750	4095
4.770000	4095
4.771250	4095
4.772500	4095
4.773750	4095
4.775000	4095
4.776250	4095
4.777500	4095
4.778750	4095
4.780000	4095
4.781250	4095
4.782500	4095
4.783750	4095
4.785000	4095
4.786250	4095
4.787500	4095
4.788750	4095
4.790000	4095
4.791250	4095
4.792500	4095
4.793750	4095
4.795000	4095
4.796250	4095
4.797500	4095
4.798750	4095
4.800000	4095
4.801250	4095
4.802500	4095
4.803750	4095
4.805000	4095
4.806250	4095
4.807500	4095
4.808750	4095
4.810000	4095
4.811250	4095
4.812500	4095
4.813750	4095
4.815000	4095
4.816250	4095
4.817500	4095
4.818750	4095
4.820000	4095
4.821250	4095
4.822500	4095
4.823750	4095
4.825000	4095
4.826250	4095
4.827500	4095
4.828750	4095
4.830000	4095
4.831250	4095
4.832500	4095
4.833750	4095
4.835000	4095
4.836250	4095
4.837500	4095
4.838750	4095
4.840000	4095
4.841250	4095
4.842500	4095
4.843750	4095
4.845000	4095
4.846250	4095
4.847500	4095
4.848750	4095
4.850000	4095
4.851250	4095
4.852500	4095
4.853750	4095
4.855000	4095
4.856250	4095
4.857500	4095
4.858750	4095
4.860000	4095
4.861250	4095
4.862500	4095
4.863750	4095
4.865000	4095
4.866250	4095
4.867500	4095
4.868750	4095
4.870000	4095
4.871250	4095
4.872500	4095
4.873750	4095
4.875000	4095
4.876250	4095
4.877500	4095
4.878750	4095
4.880000	4095
4.881250	4095
4.882500	4095
4.883750	4095
4.885000	4095
4.886250	4095
4.887500	4095
4.888750	4095
4.890000	4095
4.891250	4095
4.892500	4095
4.893750	4095
4.895000	4095
4.896250	4095
4.897500	4095
4.898750	4095
