0.100000	81
0.101250	82
0.102500	83
0.103750	84
0.105000	85
0.106250	87
0.107500	88
0.108750	89
0.110000	90
0.111250	91
0.112500	92
0.113750	93
0.115000	94
0.116250	95
0.117500	96
0.118750	97
0.120000	98
0.121250	99
0.122500	100
0.123750	101
0.125000	102
0.126250	103
0.127500	104
0.128750	105
0.130000	106
0.131250	107
0.132500	108
0.133750	109
0.135000	110
0.136250	111
0.137500	112
0.138750	113
0.140000	114
0.141250	115
0.142500	116
0.143750	117
0.145000	118
0.146250	119
0.147500	120
0.148750	121
0.150000	122
0.151250	123
0.152500	124
0.153750	125
0.155000	126
0.156250	127
0.157500	128
0.158750	130
0.160000	131
0.161250	132
0.162500	133
0.163750	134
0.165000	135
0.166250	136
0.167500	137
0.168750	138
0.170000	139
0.171250	140
0.172500	141
0.173750	142
0.175000	143
0.176250	144
0.177500	145
0.178750	146
0.180000	147
0.181250	148
0.182500	149
0.183750	150
0.185000	151
0.186250	152
0.187500	153
0.188750	154
0.190000	155
0.191250	156
0.192500	157
0.193750	158
0.195000	159
0.196250	160
0.197500	161
0.198750	162
0.200000	163
0.201250	164
0.202500	165
0.203750	166
0.205000	167
0.206250	168
0.207500	169
0.208750	170
0.210000	171
0.211250	173
0.212500	174
0.213750	175
0.215000	176
0.216250	177
0.217500	178
0.218750	179
0.220000	180
0.221250	181
0.222500	182
0.223750	183
0.225000	184
0.226250	185
0.227500	186
0.228750	187
0.230000	188
0.231250	189
0.232500	190
0.233750	191
0.235000	192
0.236250	193
0.237500	194
0.238750	195
0.240000	196
0.241250	197
0.242500	198
0.243750	199
0.245000	200
0.246250	201
0.247500	202
0.248750	203
0.250000	204
0.251250	205
0.252500	206
0.253750	207
0.255000	208
0.256250	209
0.257500	210
0.258750	211
0.260000	212
0.261250	213
0.262500	214
0.263750	216
0.265000	217
0.266250	218
0.267500	219
0.268750	220
0.270000	221
0.271250	222
0.272500	223
0.273750	224
0.275000	225
0.276250	226
0.277500	227
0.278750	228
0.280000	229
0.281250	230
0.282500	231
0.283750	232
0.285000	233
0.286250	234
0.287500	235
0.288750	236
0.290000	237
0.291250	238
0.292500	239
0.293750	240
0.295000	241
0.296250	242
0.297500	243
0.298750	244
0.300000	245
0.301250	246
0.302500	247
0.303750	248
0.305000	249
0.306250	250
0.307500	251
0.308750	252
0.310000	253
0.311250	254
0.312500	255
0.313750	256
0.315000	257
0.316250	259
0.317500	260
0.318750	261
0.320000	262
0.321250	263
0.322500	264
0.323750	265
0.325000	266
0.326250	267
0.327500	268
0.328750	269
0.330000	270
0.331250	271
0.332500	272
0.333750	273
0.335000	274
0.336250	275
0.337500	276
0.338750	277
0.340000	278
0.341250	279
0.342500	280
0.343750	281
0.345000	282
0.346250	283
0.347500	284
0.348750	285
0.350000	286
0.351250	287
0.352500	288
0.353750	289
0.355000	290
0.356250	291
0.357500	292
0.358750	293
0.360000	294
0.361250	295
0.362500	296
0.363750	297
0.365000	298
0.366250	299
0.367500	300
0.368750	302
0.370000	303
0.371250	304
0.372500	305
0.373750	306
0.375000	307
0.376250	308
0.377500	309
0.378750	310
0.380000	311
0.381250	312
0.382500	313
0.383750	314
0.385000	315
0.386250	316
0.387500	317
0.388750	318
0.390000	319
0.391250	320
0.392500	321
0.393750	322
0.395000	323
0.396250	324
0.397500	325
0.398750	326
0.400000	327
0.401250	328
0.402500	329
0.403750	330
0.405000	331
0.406250	332
0.407500	333
0.408750	334
0.410000	335
0.411250	336
0.412500	337
0.413750	338
0.415000	339
0.416250	340
0.417500	341
0.418750	342
0.420000	343
0.421250	345
0.422500	346
0.423750	347
0.425000	348
0.426250	349
0.427500	350
0.428750	351
0.430000	352
0.431250	353
0.432500	354
0.433750	355
0.435000	356
0.436250	357
0.437500	358
0.438750	359
0.440000	360
0.441250	361
0.442500	362
0.443750	363
0.445000	364
0.446250	365
0.447500	366
0.448750	367
0.450000	368
0.451250	369
0.452500	370
0.453750	371
0.455000	372
0.456250	373
0.457500	374
0.458750	375
0.460000	376
0.461250	377
0.462500	378
0.463750	379
0.465000	380
0.466250	381
0.467500	382
0.468750	383
0.470000	384
0.471250	385
0.472500	386
0.473750	388
0.475000	389
0.476250	390
0.477500	391
0.478750	392
0.480000	393
0.481250	394
0.482500	395
0.483750	396
0.485000	397
0.486250	398
0.487500	399
0.488750	400
0.490000	401
0.491250	402
0.492500	403
0.493750	404
0.495000	405
0.496250	406
0.497500	407
0.498750	408
0.500000	409
0.501250	410
0.502500	411
0.503750	412
0.505000	413
0.506250	414
0.507500	415
0.508750	416
0.510000	417
0.511250	418
0.512500	419
0.513750	420
0.515000	421
0.516250	422
0.517500	423
0.518750	424
0.520000	425
0.521250	426
0.522500	427
0.523750	428
0.525000	429
0.526250	430
0.527500	432
0.528750	433
0.530000	434
0.531250	435
0.532500	436
0.533750	437
0.535000	438
0.536250	439
0.537500	440
0.538750	441
0.540000	442
0.541250	443
0.542500	444
0.543750	445
0.545000	446
0.546250	447
0.547500	448
0.548750	449
0.550000	450
0.551250	451
0.552500	452
0.553750	453
0.555000	454
0.556250	455
0.557500	456
0.558750	457
0.560000	458
0.561250	459
0.562500	460
0.563750	461
0.565000	462
0.566250	463
0.567500	464
0.568750	465
0.570000	466
0.571250	467
0.572500	468
0.573750	469
0.575000	470
0.576250	471
0.577500	472
0.578750	473
0.580000	475
0.581250	476
0.582500	477
0.583750	478
0.585000	479
0.586250	480
0.587500	481
0.588750	482
0.590000	483
0.591250	484
0.592500	485
0.593750	486
0.595000	487
0.596250	488
0.597500	489
0.598750	490
0.600000	491
0.601250	492
0.602500	493
0.603750	494
0.605000	495
0.606250	496
0.607500	497
0.608750	498
0.610000	499
0.611250	500
0.612500	501
0.613750	502
0.615000	503
0.616250	504
0.617500	505
0.618750	506
0.620000	507
0.621250	508
0.622500	509
0.623750	510
0.625000	511
0.626250	512
0.627500	513
0.628750	514
0.630000	515
0.631250	516
0.632500	518
0.633750	519
0.635000	520
0.636250	521
0.637500	522
0.638750	523
0.640000	524
0.641250	525
0.642500	526
0.643750	527
0.645000	528
0.646250	529
0.647500	530
0.648750	531
0.650000	532
0.651250	533
0.652500	534
0.653750	535
0.655000	536
0.656250	537
0.657500	538
0.658750	539
0.660000	540
0.661250	541
0.662500	542
0.663750	543
0.665000	544
0.666250	545
0.667500	546
0.668750	547
0.670000	548
0.671250	549
0.672500	550
0.673750	551
0.675000	552
0.676250	553
0.677500	554
0.678750	555
0.680000	556
0.681250	557
0.682500	558
0.683750	559
0.685000	561
0.686250	562
0.687500	563
0.688750	564
0.690000	565
0.691250	566
0.692500	567
0.693750	568
0.695000	569
0.696250	570
0.697500	571
0.698750	572
0.700000	573
0.701250	574
0.702500	575
0.703750	576
0.705000	577
0.706250	578
0.707500	579
0.708750	580
0.710000	581
0.711250	582
0.712500	583
0.713750	584
0.715000	585
0.716250	586
0.717500	587
0.718750	588
0.720000	589
0.721250	590
0.722500	591
0.723750	592
0.725000	593
0.726250	594
0.727500	595
0.728750	596
0.730000	597
0.731250	598
0.732500	599
0.733750	600
0.735000	601
0.736250	602
0.737500	604
0.738750	605
0.740000	606
0.741250	607
0.742500	608
0.743750	609
0.745000	610
0.746250	611
0.747500	612
0.748750	613
0.750000	614
0.751250	615
0.752500	616
0.753750	617
0.755000	618
0.756250	619
0.757500	620
0.758750	621
0.760000	622
0.761250	623
0.762500	624
0.763750	625
0.765000	626
0.766250	627
0.767500	628
0.768750	629
0.770000	630
0.771250	631
0.772500	632
0.773750	633
0.775000	634
0.776250	635
0.777500	636
0.778750	637
0.780000	638
0.781250	639
0.782500	640
0.783750	641
0.785000	642
0.786250	643
0.787500	644
0.788750	645
0.790000	647
0.791250	648
0.792500	649
0.793750	650
0.795000	651
0.796250	652
0.797500	653
0.798750	654
0.800000	655
0.801250	656
0.802500	657
0.803750	658
0.805000	659
0.806250	660
0.807500	661
0.808750	662
0.810000	663
0.811250	664
0.812500	665
0.813750	666
0.815000	667
0.816250	668
0.817500	669
0.818750	670
0.820000	671
0.821250	672
0.822500	673
0.823750	674
0.825000	675
0.826250	676
0.827500	677
0.828750	678
0.830000	679
0.831250	680
0.832500	681
0.833750	682
0.835000	683
0.836250	684
0.837500	685
0.838750	686
0.840000	687
0.841250	688
0.842500	690
0.843750	691
0.845000	692
0.846250	693
0.847500	694
0.848750	695
0.850000	696
0.851250	697
0.852500	698
0.853750	699
0.855000	700
0.856250	701
0.857500	702
0.858750	703
0.860000	704
0.861250	705
0.862500	706
0.863750	707
0.865000	708
0.866250	709
0.867500	710
0.868750	711
0.870000	712
0.871250	713
0.872500	714
0.873750	715
0.875000	716
0.876250	717
0.877500	718
0.878750	719
0.880000	720
0.881250	721
0.882500	722
0.883750	723
0.885000	724
0.886250	725
0.887500	726
0.888750	727
0.890000	728
0.891250	729
0.892500	730
0.893750	731
0.895000	733
0.896250	734
0.897500	735
0.898750	736
0.900000	737
0.901250	738
0.902500	739
0.903750	740
0.905000	741
0.906250	742
0.907500	743
0.908750	744
0.910000	745
0.911250	746
0.912500	747
0.913750	748
0.915000	749
0.916250	750
0.917500	751
0.918750	752
0.920000	753
0.921250	754
0.922500	755
0.923750	756
0.925000	757
0.926250	758
0.927500	759
0.928750	760
0.930000	761
0.931250	762
0.932500	763
0.933750	764
0.935000	765
0.936250	766
0.937500	767
0.938750	768
0.940000	769
0.941250	770
0.942500	771
0.943750	772
0.945000	773
0.946250	774
0.947500	776
0.948750	777
0.950000	778
0.951250	779
0.952500	780
0.953750	781
0.955000	782
0.956250	783
0.957500	784
0.958750	785
0.960000	786
0.961250	787
0.962500	788
0.963750	789
0.965000	790
0.966250	791
0.967500	792
0.968750	793
0.970000	794
0.971250	795
0.972500	796
0.973750	797
0.975000	798
0.976250	799
0.977500	800
0.978750	801
0.980000	802
0.981250	803
0.982500	804
0.983750	805
0.985000	806
0.986250	807
0.987500	808
0.988750	809
0.990000	810
0.991250	811
0.992500	812
0.993750	813
0.995000	814
0.996250	815
0.997500	816
0.998750	817
1.000000	818
1.001250	820
1.002500	821
1.003750	822
1.005000	823
1.006250	824
1.007500	825
1.008750	826
1.010000	827
1.011250	828
1.012500	829
1.013750	830
1.015000	831
1.016250	832
1.017500	833
1.018750	834
1.020000	835
1.021250	836
1.022500	837
1.023750	838
1.025000	839
1.026250	840
1.027500	841
1.028750	842
1.030000	843
1.031250	844
1.032500	845
1.033750	846
1.035000	847
1.036250	848
1.037500	849
1.038750	850
1.040000	851
1.041250	852
1.042500	853
1.043750	854
1.045000	855
1.046250	856
1.047500	857
1.048750	858
1.050000	859
1.051250	860
1.052500	861
1.053750	863
1.055000	864
1.056250	865
1.057500	866
1.058750	867
1.060000	868
1.061250	869
1.062500	870
1.063750	871
1.065000	872
1.066250	873
1.067500	874
1.068750	875
1.070000	876
1.071250	877
1.072500	878
1.073750	879
1.075000	880
1.076250	881
1.077500	882
1.078750	883
1.080000	884
1.081250	885
1.082500	886
1.083750	887
1.085000	888
1.086250	889
1.087500	890
1.088750	891
1.090000	892
1.091250	893
1.092500	894
1.093750	895
1.095000	896
1.096250	897
1.097500	898
1.098750	899
1.100000	900
1.101250	901
1.102500	902
1.103750	903
1.105000	904
1.106250	906
1.107500	907
1.108750	908
1.110000	909
1.111250	910
1.112500	911
1.113750	912
1.115000	913
1.116250	914
1.117500	915
1.118750	916
1.120000	917
1.121250	918
1.122500	919
1.123750	920
1.125000	921
1.126250	922
1.127500	923
1.128750	924
1.130000	925
1.131250	926
1.132500	927
1.133750	928
1.135000	929
1.136250	930
1.137500	931
1.138750	932
1.140000	933
1.141250	934
1.142500	935
1.143750	936
1.145000	937
1.146250	938
1.147500	939
1.148750	940
1.150000	941
1.151250	942
1.152500	943
1.153750	944
1.155000	945
1.156250	946
1.157500	947
1.158750	949
1.160000	950
1.161250	951
1.162500	952
1.163750	953
1.165000	954
1.166250	955
1.167500	956
1.168750	957
1.170000	958
1.171250	959
1.172500	960
1.173750	961
1.175000	962
1.176250	963
1.177500	964
1.178750	965
1.180000	966
1.181250	967
1.182500	968
1.183750	969
1.185000	970
1.186250	971
1.187500	972
1.188750	973
1.190000	974
1.191250	975
1.192500	976
1.193750	977
1.195000	978
1.196250	979
1.197500	980
1.198750	981
1.200000	982
1.201250	983
1.202500	984
1.203750	985
1.205000	986
1.206250	987
1.207500	988
1.208750	989
1.210000	990
1.211250	992
1.212500	993
1.213750	994
1.215000	995
1.216250	996
1.217500	997
1.218750	998
1.220000	999
1.221250	1000
1.222500	1001
1.223750	1002
1.225000	1003
1.226250	1004
1.227500	1005
1.228750	1006
1.230000	1007
1.231250	1008
1.232500	1009
1.233750	1010
1.235000	1011
1.236250	1012
1.237500	1013
1.238750	1014
1.240000	1015
1.241250	1016
1.242500	1017
1.243750	1018
1.245000	1019
1.246250	1020
1.247500	1021
1.248750	1022
1.250000	1023
1.251250	1024
1.252500	1025
1.253750	1026
1.255000	1027
1.256250	1028
1.257500	1029
1.258750	1030
1.260000	1031
1.261250	1032
1.262500	1033
1.263750	1035
1.265000	1036
1.266250	1037
1.267500	1038
1.268750	1039
1.270000	1040
1.271250	1041
1.272500	1042
1.273750	1043
1.275000	1044
1.276250	1045
1.277500	1046
1.278750	1047
1.280000	1048
1.281250	1049
1.282500	1050
1.283750	1051
1.285000	1052
1.286250	1053
1.287500	1054
1.288750	1055
1.290000	1056
1.291250	1057
1.292500	1058
1.293750	1059
1.295000	1060
1.296250	1061
1.297500	1062
1.298750	1063
1.300000	1064
1.301250	1065
1.302500	1066
1.303750	1067
1.305000	1068
1.306250	1069
1.307500	1070
1.308750	1071
1.310000	1072
1.311250	1073
1.312500	1074
1.313750	1075
1.315000	1076
1.316250	1078
1.317500	1079
1.318750	1080
1.320000	1081
1.321250	1082
1.322500	1083
1.323750	1084
1.325000	1085
1.326250	1086
1.327500	1087
1.328750	1088
1.330000	1089
1.331250	1090
1.332500	1091
1.333750	1092
1.335000	1093
1.336250	1094
1.337500	1095
1.338750	1096
1.340000	1097
1.341250	1098
1.342500	1099
1.343750	1100
1.345000	1101
1.346250	1102
1.347500	1103
1.348750	1104
1.350000	1105
1.351250	1106
1.352500	1107
1.353750	1108
1.355000	1109
1.356250	1110
1.357500	1111
1.358750	1112
1.360000	1113
1.361250	1114
1.362500	1115
1.363750	1116
1.365000	1117
1.366250	1118
1.367500	1119
1.368750	1121
1.370000	1122
1.371250	1123
1.372500	1124
1.373750	1125
1.375000	1126
1.376250	1127
1.377500	1128
1.378750	1129
1.380000	1130
1.381250	1131
1.382500	1132
1.383750	1133
1.385000	1134
1.386250	1135
1.387500	1136
1.388750	1137
1.390000	1138
1.391250	1139
1.392500	1140
1.393750	1141
1.395000	1142
1.396250	1143
1.397500	1144
1.398750	1145
1.400000	1146
1.401250	1147
1.402500	1148
1.403750	1149
1.405000	1150
1.406250	1151
1.407500	1152
1.408750	1153
1.410000	1154
1.411250	1155
1.412500	1156
1.413750	1157
1.415000	1158
1.416250	1159
1.417500	1160
1.418750	1161
1.420000	1162
1.421250	1164
1.422500	1165
1.423750	1166
1.425000	1167
1.426250	1168
1.427500	1169
1.428750	1170
1.430000	1171
1.431250	1172
1.432500	1173
1.433750	1174
1.435000	1175
1.436250	1176
1.437500	1177
1.438750	1178
1.440000	1179
1.441250	1180
1.442500	1181
1.443750	1182
1.445000	1183
1.446250	1184
1.447500	1185
1.448750	1186
1.450000	1187
1.451250	1188
1.452500	1189
1.453750	1190
1.455000	1191
1.456250	1192
1.457500	1193
1.458750	1194
1.460000	1195
1.461250	1196
1.462500	1197
1.463750	1198
1.465000	1199
1.466250	1200
1.467500	1201
1.468750	1202
1.470000	1203
1.471250	1204
1.472500	1205
1.473750	1207
1.475000	1208
1.476250	1209
1.477500	1210
1.478750	1211
1.480000	1212
1.481250	1213
1.482500	1214
1.483750	1215
1.485000	1216
1.486250	1217
1.487500	1218
1.488750	1219
1.490000	1220
1.491250	1221
1.492500	1222
1.493750	1223
1.495000	1224
1.496250	1225
1.497500	1226
1.498750	1227
1.500000	1228
1.501250	1229
1.502500	1230
1.503750	1231
1.505000	1232
1.506250	1233
1.507500	1234
1.508750	1235
1.510000	1236
1.511250	1237
1.512500	1238
1.513750	1239
1.515000	1240
1.516250	1241
1.517500	1242
1.518750	1243
1.520000	1244
1.521250	1245
1.522500	1246
1.523750	1247
1.525000	1248
1.526250	1249
1.527500	1251
1.528750	1252
1.530000	1253
1.531250	1254
1.532500	1255
1.533750	1256
1.535000	1257
1.536250	1258
1.537500	1259
1.538750	1260
1.540000	1261
1.541250	1262
1.542500	1263
1.543750	1264
1.545000	1265
1.546250	1266
1.547500	1267
1.548750	1268
1.550000	1269
1.551250	1270
1.552500	1271
1.553750	1272
1.555000	1273
1.556250	1274
1.557500	1275
1.558750	1276
1.560000	1277
1.561250	1278
1.562500	1279
1.563750	1280
1.565000	1281
1.566250	1282
1.567500	1283
1.568750	1284
1.570000	1285
1.571250	1286
1.572500	1287
1.573750	1288
1.575000	1289
1.576250	1290
1.577500	1291
1.578750	1292
1.580000	1294
1.581250	1295
1.582500	1296
1.583750	1297
1.585000	1298
1.586250	1299
1.587500	1300
1.588750	1301
1.590000	1302
1.591250	1303
1.592500	1304
1.593750	1305
1.595000	1306
1.596250	1307
1.597500	1308
1.598750	1309
1.600000	1310
1.601250	1311
1.602500	1312
1.603750	1313
1.605000	1314
1.606250	1315
1.607500	1316
1.608750	1317
1.610000	1318
1.611250	1319
1.612500	1320
1.613750	1321
1.615000	1322
1.616250	1323
1.617500	1324
1.618750	1325
1.620000	1326
1.621250	1327
1.622500	1328
1.623750	1329
1.625000	1330
1.626250	1331
1.627500	1332
1.628750	1333
1.630000	1334
1.631250	1335
1.632500	1337
1.633750	1338
1.635000	1339
1.636250	1340
1.637500	1341
1.638750	1342
1.640000	1343
1.641250	1344
1.642500	1345
1.643750	1346
1.645000	1347
1.646250	1348
1.647500	1349
1.648750	1350
1.650000	1351
1.651250	1352
1.652500	1353
1.653750	1354
1.655000	1355
1.656250	1356
1.657500	1357
1.658750	1358
1.660000	1359
1.661250	1360
1.662500	1361
1.663750	1362
1.665000	1363
1.666250	1364
1.667500	1365
1.668750	1366
1.670000	1367
1.671250	1368
1.672500	1369
1.673750	1370
1.675000	1371
1.676250	1372
1.677500	1373
1.678750	1374
1.680000	1375
1.681250	1376
1.682500	1377
1.683750	1378
1.685000	1380
1.686250	1381
1.687500	1382
1.688750	1383
1.690000	1384
1.691250	1385
1.692500	1386
1.693750	1387
1.695000	1388
1.696250	1389
1.697500	1390
1.698750	1391
1.700000	1392
1.701250	1393
1.702500	1394
1.703750	1395
1.705000	1396
1.706250	1397
1.707500	1398
1.708750	1399
1.710000	1400
1.711250	1401
1.712500	1402
1.713750	1403
1.715000	1404
1.716250	1405
1.717500	1406
1.718750	1407
1.720000	1408
1.721250	1409
1.722500	1410
1.723750	1411
1.725000	1412
1.726250	1413
1.727500	1414
1.728750	1415
1.730000	1416
1.731250	1417
1.732500	1418
1.733750	1419
1.735000	1420
1.736250	1421
1.737500	1423
1.738750	1424
1.740000	1425
1.741250	1426
1.742500	1427
1.743750	1428
1.745000	1429
1.746250	1430
1.747500	1431
1.748750	1432
1.750000	1433
1.751250	1434
1.752500	1435
1.753750	1436
1.755000	1437
1.756250	1438
1.757500	1439
1.758750	1440
1.760000	1441
1.761250	1442
1.762500	1443
1.763750	1444
1.765000	1445
1.766250	1446
1.767500	1447
1.768750	1448
1.770000	1449
1.771250	1450
1.772500	1451
1.773750	1452
1.775000	1453
1.776250	1454
1.777500	1455
1.778750	1456
1.780000	1457
1.781250	1458
1.782500	1459
1.783750	1460
1.785000	1461
1.786250	1462
1.787500	1463
1.788750	1464
1.790000	1466
1.791250	1467
1.792500	1468
1.793750	1469
1.795000	1470
1.796250	1471
1.797500	1472
1.798750	1473
1.800000	1474
1.801250	1475
1.802500	1476
1.803750	1477
1.805000	1478
1.806250	1479
1.807500	1480
1.808750	1481
1.810000	1482
1.811250	1483
1.812500	1484
1.813750	1485
1.815000	1486
1.816250	1487
1.817500	1488
1.818750	1489
1.820000	1490
1.821250	1491
1.822500	1492
1.823750	1493
1.825000	1494
1.826250	1495
1.827500	1496
1.828750	1497
1.830000	1498
1.831250	1499
1.832500	1500
1.833750	1501
1.835000	1502
1.836250	1503
1.837500	1504
1.838750	1505
1.840000	1506
1.841250	1507
1.842500	1509
1.843750	1510
1.845000	1511
1.846250	1512
1.847500	1513
1.848750	1514
1.850000	1515
1.851250	1516
1.852500	1517
1.853750	1518
1.855000	1519
1.856250	1520
1.857500	1521
1.858750	1522
1.860000	1523
1.861250	1524
1.862500	1525
1.863750	1526
1.865000	1527
1.866250	1528
1.867500	1529
1.868750	1530
1.870000	1531
1.871250	1532
1.872500	1533
1.873750	1534
1.875000	1535
1.876250	1536
1.877500	1537
1.878750	1538
1.880000	1539
1.881250	1540
1.882500	1541
1.883750	1542
1.885000	1543
1.886250	1544
1.887500	1545
1.888750	1546
1.890000	1547
1.891250	1548
1.892500	1549
1.893750	1550
1.895000	1552
1.896250	1553
1.897500	1554
1.898750	1555
1.900000	1556
1.901250	1557
1.902500	1558
1.903750	1559
1.905000	1560
1.906250	1561
1.907500	1562
1.908750	1563
1.910000	1564
1.911250	1565
1.912500	1566
1.913750	1567
1.915000	1568
1.916250	1569
1.917500	1570
1.918750	1571
1.920000	1572
1.921250	1573
1.922500	1574
1.923750	1575
1.925000	1576
1.926250	1577
1.927500	1578
1.928750	1579
1.930000	1580
1.931250	1581
1.932500	1582
1.933750	1583
1.935000	1584
1.936250	1585
1.937500	1586
1.938750	1587
1.940000	1588
1.941250	1589
1.942500	1590
1.943750	1591
1.945000	1592
1.946250	1593
1.947500	1595
1.948750	1596
1.950000	1597
1.951250	1598
1.952500	1599
1.953750	1600
1.955000	1601
1.956250	1602
1.957500	1603
1.958750	1604
1.960000	1605
1.961250	1606
1.962500	1607
1.963750	1608
1.965000	1609
1.966250	1610
1.967500	1611
1.968750	1612
1.970000	1613
1.971250	1614
1.972500	1615
1.973750	1616
1.975000	1617
1.976250	1618
1.977500	1619
1.978750	1620
1.980000	1621
1.981250	1622
1.982500	1623
1.983750	1624
1.985000	1625
1.986250	1626
1.987500	1627
1.988750	1628
1.990000	1629
1.991250	1630
1.992500	1631
1.993750	1632
1.995000	1633
1.996250	1634
1.997500	1635
1.998750	1636
2.000000	1637
2.001250	1639
2.002500	1640
2.003750	1641
2.005000	1642
2.006250	1643
2.007500	1644
2.008750	1645
2.010000	1646
2.011250	1647
2.012500	1648
2.013750	1649
2.015000	1650
2.016250	1651
2.017500	1652
2.018750	1653
2.020000	1654
2.021250	1655
2.022500	1656
2.023750	1657
2.025000	1658
2.026250	1659
2.027500	1660
2.028750	1661
2.030000	1662
2.031250	1663
2.032500	1664
2.033750	1665
2.035000	1666
2.036250	1667
2.037500	1668
2.038750	1669
2.040000	1670
2.041250	1671
2.042500	1672
2.043750	1673
2.045000	1674
2.046250	1675
2.047500	1676
2.048750	1677
2.050000	1678
2.051250	1679
2.052500	1680
2.053750	1682
2.055000	1683
2.056250	1684
2.057500	1685
2.058750	1686
2.060000	1687
2.061250	1688
2.062500	1689
2.063750	1690
2.065000	1691
2.066250	1692
2.067500	1693
2.068750	1694
2.070000	1695
2.071250	1696
2.072500	1697
2.073750	1698
2.075000	1699
2.076250	1700
2.077500	1701
2.078750	1702
2.080000	1703
2.081250	1704
2.082500	1705
2.083750	1706
2.085000	1707
2.086250	1708
2.087500	1709
2.088750	1710
2.090000	1711
2.091250	1712
2.092500	1713
2.093750	1714
2.095000	1715
2.096250	1716
2.097500	1717
2.098750	1718
2.100000	1719
2.101250	1720
2.102500	1721
2.103750	1722
2.105000	1723
2.106250	1725
2.107500	1726
2.108750	1727
2.110000	1728
2.111250	1729
2.112500	1730
2.113750	1731
2.115000	1732
2.116250	1733
2.117500	1734
2.118750	1735
2.120000	1736
2.121250	1737
2.122500	1738
2.123750	1739
2.125000	1740
2.126250	1741
2.127500	1742
2.128750	1743
2.130000	1744
2.131250	1745
2.132500	1746
2.133750	1747
2.135000	1748
2.136250	1749
2.137500	1750
2.138750	1751
2.140000	1752
2.141250	1753
2.142500	1754
2.143750	1755
2.145000	1756
2.146250	1757
2.147500	1758
2.148750	1759
2.150000	1760
2.151250	1761
2.152500	1762
2.153750	1763
2.155000	1764
2.156250	1765
2.157500	1766
2.158750	1768
2.160000	1769
2.161250	1770
2.162500	1771
2.163750	1772
2.165000	1773
2.166250	1774
2.167500	1775
2.168750	1776
2.170000	1777
2.171250	1778
2.172500	1779
2.173750	1780
2.175000	1781
2.176250	1782
2.177500	1783
2.178750	1784
2.180000	1785
2.181250	1786
2.182500	1787
2.183750	1788
2.185000	1789
2.186250	1790
2.187500	1791
2.188750	1792
2.190000	1793
2.191250	1794
2.192500	1795
2.193750	1796
2.195000	1797
2.196250	1798
2.197500	1799
2.198750	1800
2.200000	1801
2.201250	1802
2.202500	1803
2.203750	1804
2.205000	1805
2.206250	1806
2.207500	1807
2.208750	1808
2.210000	1809
2.211250	1811
2.212500	1812
2.213750	1813
2.215000	1814
2.216250	1815
2.217500	1816
2.218750	1817
2.220000	1818
2.221250	1819
2.222500	1820
2.223750	1821
2.225000	1822
2.226250	1823
2.227500	1824
2.228750	1825
2.230000	1826
2.231250	1827
2.232500	1828
2.233750	1829
2.235000	1830
2.236250	1831
2.237500	1832
2.238750	1833
2.240000	1834
2.241250	1835
2.242500	1836
2.243750	1837
2.245000	1838
2.246250	1839
2.247500	1840
2.248750	1841
2.250000	1842
2.251250	1843
2.252500	1844
2.253750	1845
2.255000	1846
2.256250	1847
2.257500	1848
2.258750	1849
2.260000	1850
2.261250	1851
2.262500	1852
2.263750	1854
2.265000	1855
2.266250	1856
2.267500	1857
2.268750	1858
2.270000	1859
2.271250	1860
2.272500	1861
2.273750	1862
2.275000	1863
2.276250	1864
2.277500	1865
2.278750	1866
2.280000	1867
2.281250	1868
2.282500	1869
2.283750	1870
2.285000	1871
2.286250	1872
2.287500	1873
2.288750	1874
2.290000	1875
2.291250	1876
2.292500	1877
2.293750	1878
2.295000	1879
2.296250	1880
2.297500	1881
2.298750	1882
2.300000	1883
2.301250	1884
2.302500	1885
2.303750	1886
2.305000	1887
2.306250	1888
2.307500	1889
2.308750	1890
2.310000	1891
2.311250	1892
2.312500	1893
2.313750	1894
2.315000	1895
2.316250	1897
2.317500	1898
2.318750	1899
2.320000	1900
2.321250	1901
2.322500	1902
2.323750	1903
2.325000	1904
2.326250	1905
2.327500	1906
2.328750	1907
2.330000	1908
2.331250	1909
2.332500	1910
2.333750	1911
2.335000	1912
2.336250	1913
2.337500	1914
2.338750	1915
2.340000	1916
2.341250	1917
2.342500	1918
2.343750	1919
2.345000	1920
2.346250	1921
2.347500	1922
2.348750	1923
2.350000	1924
2.351250	1925
2.352500	1926
2.353750	1927
2.355000	1928
2.356250	1929
2.357500	1930
2.358750	1931
2.360000	1932
2.361250	1933
2.362500	1934
2.363750	1935
2.365000	1936
2.366250	1937
2.367500	1938
2.368750	1940
2.370000	1941
2.371250	1942
2.372500	1943
2.373750	1944
2.375000	1945
2.376250	1946
2.377500	1947
2.378750	1948
2.380000	1949
2.381250	1950
2.382500	1951
2.383750	1952
2.385000	1953
2.386250	1954
2.387500	1955
2.388750	1956
2.390000	1957
2.391250	1958
2.392500	1959
2.393750	1960
2.395000	1961
2.396250	1962
2.397500	1963
2.398750	1964
2.400000	1965
2.401250	1966
2.402500	1967
2.403750	1968
2.405000	1969
2.406250	1970
2.407500	1971
2.408750	1972
2.410000	1973
2.411250	1974
2.412500	1975
2.413750	1976
2.415000	1977
2.416250	1978
2.417500	1979
2.418750	1980
2.420000	1981
2.421250	1983
2.422500	1984
2.423750	1985
2.425000	1986
2.426250	1987
2.427500	1988
2.428750	1989
2.430000	1990
2.431250	1991
2.432500	1992
2.433750	1993
2.435000	1994
2.436250	1995
2.437500	1996
2.438750	1997
2.440000	1998
2.441250	1999
2.442500	2000
2.443750	2001
2.445000	2002
2.446250	2003
2.447500	2004
2.448750	2005
2.450000	2006
2.451250	2007
2.452500	2008
2.453750	2009
2.455000	2010
2.456250	2011
2.457500	2012
2.458750	2013
2.460000	2014
2.461250	2015
2.462500	2016
2.463750	2017
2.465000	2018
2.466250	2019
2.467500	2020
2.468750	2021
2.470000	2022
2.471250	2023
2.472500	2024
2.473750	2026
2.475000	2027
2.476250	2028
2.477500	2029
2.478750	2030
2.480000	2031
2.481250	2032
2.482500	2033
2.483750	2034
2.485000	2035
2.486250	2036
2.487500	2037
2.488750	2038
2.490000	2039
2.491250	2040
2.492500	2041
2.493750	2042
2.495000	2043
2.496250	2044
2.497500	2045
2.498750	2046
2.500000	2047
2.501250	2048
2.502500	2049
2.503750	2050
2.505000	2051
2.506250	2052
2.507500	2053
2.508750	2054
2.510000	2055
2.511250	2056
2.512500	2057
2.513750	2058
2.515000	2059
2.516250	2060
2.517500	2061
2.518750	2062
2.520000	2063
2.521250	2064
2.522500	2065
2.523750	2066
2.525000	2067
2.526250	2068
2.527500	2070
2.528750	2071
2.530000	2072
2.531250	2073
2.532500	2074
2.533750	2075
2.535000	2076
2.536250	2077
2.537500	2078
2.538750	2079
2.540000	2080
2.541250	2081
2.542500	2082
2.543750	2083
2.545000	2084
2.546250	2085
2.547500	2086
2.548750	2087
2.550000	2088
2.551250	2089
2.552500	2090
2.553750	2091
2.555000	2092
2.556250	2093
2.557500	2094
2.558750	2095
2.560000	2096
2.561250	2097
2.562500	2098
2.563750	2099
2.565000	2100
2.566250	2101
2.567500	2102
2.568750	2103
2.570000	2104
2.571250	2105
2.572500	2106
2.573750	2107
2.575000	2108
2.576250	2109
2.577500	2110
2.578750	2111
2.580000	2113
2.581250	2114
2.582500	2115
2.583750	2116
2.585000	2117
2.586250	2118
2.587500	2119
2.588750	2120
2.590000	2121
2.591250	2122
2.592500	2123
2.593750	2124
2.595000	2125
2.596250	2126
2.597500	2127
2.598750	2128
2.600000	2129
2.601250	2130
2.602500	2131
2.603750	2132
2.605000	2133
2.606250	2134
2.607500	2135
2.608750	2136
2.610000	2137
2.611250	2138
2.612500	2139
2.613750	2140
2.615000	2141
2.616250	2142
2.617500	2143
2.618750	2144
2.620000	2145
2.621250	2146
2.622500	2147
2.623750	2148
2.625000	2149
2.626250	2150
2.627500	2151
2.628750	2152
2.630000	2153
2.631250	2154
2.632500	2156
2.633750	2157
2.635000	2158
2.636250	2159
2.637500	2160
2.638750	2161
2.640000	2162
2.641250	2163
2.642500	2164
2.643750	2165
2.645000	2166
2.646250	2167
2.647500	2168
2.648750	2169
2.650000	2170
2.651250	2171
2.652500	2172
2.653750	2173
2.655000	2174
2.656250	2175
2.657500	2176
2.658750	2177
2.660000	2178
2.661250	2179
2.662500	2180
2.663750	2181
2.665000	2182
2.666250	2183
2.667500	2184
2.668750	2185
2.670000	2186
2.671250	2187
2.672500	2188
2.673750	2189
2.675000	2190
2.676250	2191
2.677500	2192
2.678750	2193
2.680000	2194
2.681250	2195
2.682500	2196
2.683750	2197
2.685000	2199
2.686250	2200
2.687500	2201
2.688750	2202
2.690000	2203
2.691250	2204
2.692500	2205
2.693750	2206
2.695000	2207
2.696250	2208
2.697500	2209
2.698750	2210
2.700000	2211
2.701250	2212
2.702500	2213
2.703750	2214
2.705000	2215
2.706250	2216
2.707500	2217
2.708750	2218
2.710000	2219
2.711250	2220
2.712500	2221
2.713750	2222
2.715000	2223
2.716250	2224
2.717500	2225
2.718750	2226
2.720000	2227
2.721250	2228
2.722500	2229
2.723750	2230
2.725000	2231
2.726250	2232
2.727500	2233
2.728750	2234
2.730000	2235
2.731250	2236
2.732500	2237
2.733750	2238
2.735000	2239
2.736250	2240
2.737500	2242
2.738750	2243
2.740000	2244
2.741250	2245
2.742500	2246
2.743750	2247
2.745000	2248
2.746250	2249
2.747500	2250
2.748750	2251
2.750000	2252
2.751250	2253
2.752500	2254
2.753750	2255
2.755000	2256
2.756250	2257
2.757500	2258
2.758750	2259
2.760000	2260
2.761250	2261
2.762500	2262
2.763750	2263
2.765000	2264
2.766250	2265
2.767500	2266
2.768750	2267
2.770000	2268
2.771250	2269
2.772500	2270
2.773750	2271
2.775000	2272
2.776250	2273
2.777500	2274
2.778750	2275
2.780000	2276
2.781250	2277
2.782500	2278
2.783750	2279
2.785000	2280
2.786250	2281
2.787500	2282
2.788750	2283
2.790000	2285
2.791250	2286
2.792500	2287
2.793750	2288
2.795000	2289
2.796250	2290
2.797500	2291
2.798750	2292
2.800000	2293
2.801250	2294
2.802500	2295
2.803750	2296
2.805000	2297
2.806250	2298
2.807500	2299
2.808750	2300
2.810000	2301
2.811250	2302
2.812500	2303
2.813750	2304
2.815000	2305
2.816250	2306
2.817500	2307
2.818750	2308
2.820000	2309
2.821250	2310
2.822500	2311
2.823750	2312
2.825000	2313
2.826250	2314
2.827500	2315
2.828750	2316
2.830000	2317
2.831250	2318
2.832500	2319
2.833750	2320
2.835000	2321
2.836250	2322
2.837500	2323
2.838750	2324
2.840000	2325
2.841250	2326
2.842500	2328
2.843750	2329
2.845000	2330
2.846250	2331
2.847500	2332
2.848750	2333
2.850000	2334
2.851250	2335
2.852500	2336
2.853750	2337
2.855000	2338
2.856250	2339
2.857500	2340
2.858750	2341
2.860000	2342
2.861250	2343
2.862500	2344
2.863750	2345
2.865000	2346
2.866250	2347
2.867500	2348
2.868750	2349
2.870000	2350
2.871250	2351
2.872500	2352
2.873750	2353
2.875000	2354
2.876250	2355
2.877500	2356
2.878750	2357
2.880000	2358
2.881250	2359
2.882500	2360
2.883750	2361
2.885000	2362
2.886250	2363
2.887500	2364
2.888750	2365
2.890000	2366
2.891250	2367
2.892500	2368
2.893750	2369
2.895000	2371
2.896250	2372
2.897500	2373
2.898750	2374
2.900000	2375
2.901250	2376
2.902500	2377
2.903750	2378
2.905000	2379
2.906250	2380
2.907500	2381
2.908750	2382
2.910000	2383
2.911250	2384
2.912500	2385
2.913750	2386
2.915000	2387
2.916250	2388
2.917500	2389
2.918750	2390
2.920000	2391
2.921250	2392
2.922500	2393
2.923750	2394
2.925000	2395
2.926250	2396
2.927500	2397
2.928750	2398
2.930000	2399
2.931250	2400
2.932500	2401
2.933750	2402
2.935000	2403
2.936250	2404
2.937500	2405
2.938750	2406
2.940000	2407
2.941250	2408
2.942500	2409
2.943750	2410
2.945000	2411
2.946250	2412
2.947500	2414
2.948750	2415
2.950000	2416
2.951250	2417
2.952500	2418
2.953750	2419
2.955000	2420
2.956250	2421
2.957500	2422
2.958750	2423
2.960000	2424
2.961250	2425
2.962500	2426
2.963750	2427
2.965000	2428
2.966250	2429
2.967500	2430
2.968750	2431
2.970000	2432
2.971250	2433
2.972500	2434
2.973750	2435
2.975000	2436
2.976250	2437
2.977500	2438
2.978750	2439
2.980000	2440
2.981250	2441
2.982500	2442
2.983750	2443
2.985000	2444
2.986250	2445
2.987500	2446
2.988750	2447
2.990000	2448
2.991250	2449
2.992500	2450
2.993750	2451
2.995000	2452
2.996250	2453
2.997500	2454
2.998750	2455
3.000000	2457
3.001250	2458
3.002500	2459
3.003750	2460
3.005000	2461
3.006250	2462
3.007500	2463
3.008750	2464
3.010000	2465
3.011250	2466
3.012500	2467
3.013750	2468
3.015000	2469
3.016250	2470
3.017500	2471
3.018750	2472
3.020000	2473
3.021250	2474
3.022500	2475
3.023750	2476
3.025000	2477
3.026250	2478
3.027500	2479
3.028750	2480
3.030000	2481
3.031250	2482
3.032500	2483
3.033750	2484
3.035000	2485
3.036250	2486
3.037500	2487
3.038750	2488
3.040000	2489
3.041250	2490
3.042500	2491
3.043750	2492
3.045000	2493
3.046250	2494
3.047500	2495
3.048750	2496
3.050000	2497
3.051250	2498
3.052500	2499
3.053750	2501
3.055000	2502
3.056250	2503
3.057500	2504
3.058750	2505
3.060000	2506
3.061250	2507
3.062500	2508
3.063750	2509
3.065000	2510
3.066250	2511
3.067500	2512
3.068750	2513
3.070000	2514
3.071250	2515
3.072500	2516
3.073750	2517
3.075000	2518
3.076250	2519
3.077500	2520
3.078750	2521
3.080000	2522
3.081250	2523
3.082500	2524
3.083750	2525
3.085000	2526
3.086250	2527
3.087500	2528
3.088750	2529
3.090000	2530
3.091250	2531
3.092500	2532
3.093750	2533
3.095000	2534
3.096250	2535
3.097500	2536
3.098750	2537
3.100000	2538
3.101250	2539
3.102500	2540
3.103750	2541
3.105000	2542
3.106250	2544
3.107500	2545
3.108750	2546
3.110000	2547
3.111250	2548
3.112500	2549
3.113750	2550
3.115000	2551
3.116250	2552
3.117500	2553
3.118750	2554
3.120000	2555
3.121250	2556
3.122500	2557
3.123750	2558
3.125000	2559
3.126250	2560
3.127500	2561
3.128750	2562
3.130000	2563
3.131250	2564
3.132500	2565
3.133750	2566
3.135000	2567
3.136250	2568
3.137500	2569
3.138750	2570
3.140000	2571
3.141250	2572
3.142500	2573
3.143750	2574
3.145000	2575
3.146250	2576
3.147500	2577
3.148750	2578
3.150000	2579
3.151250	2580
3.152500	2581
3.153750	2582
3.155000	2583
3.156250	2584
3.157500	2585
3.158750	2587
3.160000	2588
3.161250	2589
3.162500	2590
3.163750	2591
3.165000	2592
3.166250	2593
3.167500	2594
3.168750	2595
3.170000	2596
3.171250	2597
3.172500	2598
3.173750	2599
3.175000	2600
3.176250	2601
3.177500	2602
3.178750	2603
3.180000	2604
3.181250	2605
3.182500	2606
3.183750	2607
3.185000	2608
3.186250	2609
3.187500	2610
3.188750	2611
3.190000	2612
3.191250	2613
3.192500	2614
3.193750	2615
3.195000	2616
3.196250	2617
3.197500	2618
3.198750	2619
3.200000	2620
3.201250	2621
3.202500	2622
3.203750	2623
3.205000	2624
3.206250	2625
3.207500	2626
3.208750	2627
3.210000	2628
3.211250	2630
3.212500	2631
3.213750	2632
3.215000	2633
3.216250	2634
3.217500	2635
3.218750	2636
3.220000	2637
3.221250	2638
3.222500	2639
3.223750	2640
3.225000	2641
3.226250	2642
3.227500	2643
3.228750	2644
3.230000	2645
3.231250	2646
3.232500	2647
3.233750	2648
3.235000	2649
3.236250	2650
3.237500	2651
3.238750	2652
3.240000	2653
3.241250	2654
3.242500	2655
3.243750	2656
3.245000	2657
3.246250	2658
3.247500	2659
3.248750	2660
3.250000	2661
3.251250	2662
3.252500	2663
3.253750	2664
3.255000	2665
3.256250	2666
3.257500	2667
3.258750	2668
3.260000	2669
3.261250	2670
3.262500	2671
3.263750	2673
3.265000	2674
3.266250	2675
3.267500	2676
3.268750	2677
3.270000	2678
3.271250	2679
3.272500	2680
3.273750	2681
3.275000	2682
3.276250	2683
3.277500	2684
3.278750	2685
3.280000	2686
3.281250	2687
3.282500	2688
3.283750	2689
3.285000	2690
3.286250	2691
3.287500	2692
3.288750	2693
3.290000	2694
3.291250	2695
3.292500	2696
3.293750	2697
3.295000	2698
3.296250	2699
3.297500	2700
3.298750	2701
3.300000	2702
3.301250	2703
3.302500	2704
3.303750	2705
3.305000	2706
3.306250	2707
3.307500	2708
3.308750	2709
3.310000	2710
3.311250	2711
3.312500	2712
3.313750	2713
3.315000	2714
3.316250	2716
3.317500	2717
3.318750	2718
3.320000	2719
3.321250	2720
3.322500	2721
3.323750	2722
3.325000	2723
3.326250	2724
3.327500	2725
3.328750	2726
3.330000	2727
3.331250	2728
3.332500	2729
3.333750	2730
3.335000	2731
3.336250	2732
3.337500	2733
3.338750	2734
3.340000	2735
3.341250	2736
3.342500	2737
3.343750	2738
3.345000	2739
3.346250	2740
3.347500	2741
3.348750	2742
3.350000	2743
3.351250	2744
3.352500	2745
3.353750	2746
3.355000	2747
3.356250	2748
3.357500	2749
3.358750	2750
3.360000	2751
3.361250	2752
3.362500	2753
3.363750	2754
3.365000	2755
3.366250	2756
3.367500	2757
3.368750	2759
3.370000	2760
3.371250	2761
3.372500	2762
3.373750	2763
3.375000	2764
3.376250	2765
3.377500	2766
3.378750	2767
3.380000	2768
3.381250	2769
3.382500	2770
3.383750	2771
3.385000	2772
3.386250	2773
3.387500	2774
3.388750	2775
3.390000	2776
3.391250	2777
3.392500	2778
3.393750	2779
3.395000	2780
3.396250	2781
3.397500	2782
3.398750	2783
3.400000	2784
3.401250	2785
3.402500	2786
3.403750	2787
3.405000	2788
3.406250	2789
3.407500	2790
3.408750	2791
3.410000	2792
3.411250	2793
3.412500	2794
3.413750	2795
3.415000	2796
3.416250	2797
3.417500	2798
3.418750	2799
3.420000	2800
3.421250	2802
3.422500	2803
3.423750	2804
3.425000	2805
3.426250	2806
3.427500	2807
3.428750	2808
3.430000	2809
3.431250	2810
3.432500	2811
3.433750	2812
3.435000	2813
3.436250	2814
3.437500	2815
3.438750	2816
3.440000	2817
3.441250	2818
3.442500	2819
3.443750	2820
3.445000	2821
3.446250	2822
3.447500	2823
3.448750	2824
3.450000	2825
3.451250	2826
3.452500	2827
3.453750	2828
3.455000	2829
3.456250	2830
3.457500	2831
3.458750	2832
3.460000	2833
3.461250	2834
3.462500	2835
3.463750	2836
3.465000	2837
3.466250	2838
3.467500	2839
3.468750	2840
3.470000	2841
3.471250	2842
3.472500	2843
3.473750	2845
3.475000	2846
3.476250	2847
3.477500	2848
3.478750	2849
3.480000	2850
3.481250	2851
3.482500	2852
3.483750	2853
3.485000	2854
3.486250	2855
3.487500	2856
3.488750	2857
3.490000	2858
3.491250	2859
3.492500	2860
3.493750	2861
3.495000	2862
3.496250	2863
3.497500	2864
3.498750	2865
3.500000	2866
3.501250	2867
3.502500	2868
3.503750	2869
3.505000	2870
3.506250	2871
3.507500	2872
3.508750	2873
3.510000	2874
3.511250	2875
3.512500	2876
3.513750	2877
3.515000	2878
3.516250	2879
3.517500	2880
3.518750	2881
3.520000	2882
3.521250	2883
3.522500	2884
3.523750	2885
3.525000	2886
3.526250	2887
3.527500	2889
3.528750	2890
3.530000	2891
3.531250	2892
3.532500	2893
3.533750	2894
3.535000	2895
3.536250	2896
3.537500	2897
3.538750	2898
3.540000	2899
3.541250	2900
3.542500	2901
3.543750	2902
3.545000	2903
3.546250	2904
3.547500	2905
3.548750	2906
3.550000	2907
3.551250	2908
3.552500	2909
3.553750	2910
3.555000	2911
3.556250	2912
3.557500	2913
3.558750	2914
3.560000	2915
3.561250	2916
3.562500	2917
3.563750	2918
3.565000	2919
3.566250	2920
3.567500	2921
3.568750	2922
3.570000	2923
3.571250	2924
3.572500	2925
3.573750	2926
3.575000	2927
3.576250	2928
3.577500	2929
3.578750	2930
3.580000	2932
3.581250	2933
3.582500	2934
3.583750	2935
3.585000	2936
3.586250	2937
3.587500	2938
3.588750	2939
3.590000	2940
3.591250	2941
3.592500	2942
3.593750	2943
3.595000	2944
3.596250	2945
3.597500	2946
3.598750	2947
3.600000	2948
3.601250	2949
3.602500	2950
3.603750	2951
3.605000	2952
3.606250	2953
3.607500	2954
3.608750	2955
3.610000	2956
3.611250	2957
3.612500	2958
3.613750	2959
3.615000	2960
3.616250	2961
3.617500	2962
3.618750	2963
3.620000	2964
3.621250	2965
3.622500	2966
3.623750	2967
3.625000	2968
3.626250	2969
3.627500	2970
3.628750	2971
3.630000	2972
3.631250	2973
3.632500	2975
3.633750	2976
3.635000	2977
3.636250	2978
3.637500	2979
3.638750	2980
3.640000	2981
3.641250	2982
3.642500	2983
3.643750	2984
3.645000	2985
3.646250	2986
3.647500	2987
3.648750	2988
3.650000	2989
3.651250	2990
3.652500	2991
3.653750	2992
3.655000	2993
3.656250	2994
3.657500	2995
3.658750	2996
3.660000	2997
3.661250	2998
3.662500	2999
3.663750	3000
3.665000	3001
3.666250	3002
3.667500	3003
3.668750	3004
3.670000	3005
3.671250	3006
3.672500	3007
3.673750	3008
3.675000	3009
3.676250	3010
3.677500	3011
3.678750	3012
3.680000	3013
3.681250	3014
3.682500	3015
3.683750	3016
3.685000	3018
3.686250	3019
3.687500	3020
3.688750	3021
3.690000	3022
3.691250	3023
3.692500	3024
3.693750	3025
3.695000	3026
3.696250	3027
3.697500	3028
3.698750	3029
3.700000	3030
3.701250	3031
3.702500	3032
3.703750	3033
3.705000	3034
3.706250	3035
3.707500	3036
3.708750	3037
3.710000	3038
3.711250	3039
3.712500	3040
3.713750	3041
3.715000	3042
3.716250	3043
3.717500	3044
3.718750	3045
3.720000	3046
3.721250	3047
3.722500	3048
3.723750	3049
3.725000	3050
3.726250	3051
3.727500	3052
3.728750	3053
3.730000	3054
3.731250	3055
3.732500	3056
3.733750	3057
3.735000	3058
3.736250	3059
3.737500	3061
3.738750	3062
3.740000	3063
3.741250	3064
3.742500	3065
3.743750	3066
3.745000	3067
3.746250	3068
3.747500	3069
3.748750	3070
3.750000	3071
3.751250	3072
3.752500	3073
3.753750	3074
3.755000	3075
3.756250	3076
3.757500	3077
3.758750	3078
3.760000	3079
3.761250	3080
3.762500	3081
3.763750	3082
3.765000	3083
3.766250	3084
3.767500	3085
3.768750	3086
3.770000	3087
3.771250	3088
3.772500	3089
3.773750	3090
3.775000	3091
3.776250	3092
3.777500	3093
3.778750	3094
3.780000	3095
3.781250	3096
3.782500	3097
3.783750	3098
3.785000	3099
3.786250	3100
3.787500	3101
3.788750	3102
3.790000	3104
3.791250	3105
3.792500	3106
3.793750	3107
3.795000	3108
3.796250	3109
3.797500	3110
3.798750	3111
3.800000	3112
3.801250	3113
3.802500	3114
3.803750	3115
3.805000	3116
3.806250	3117
3.807500	3118
3.808750	3119
3.810000	3120
3.811250	3121
3.812500	3122
3.813750	3123
3.815000	3124
3.816250	3125
3.817500	3126
3.818750	3127
3.820000	3128
3.821250	3129
3.822500	3130
3.823750	3131
3.825000	3132
3.826250	3133
3.827500	3134
3.828750	3135
3.830000	3136
3.831250	3137
3.832500	3138
3.833750	3139
3.835000	3140
3.836250	3141
3.837500	3142
3.838750	3143
3.840000	3144
3.841250	3145
3.842500	3147
3.843750	3148
3.845000	3149
3.846250	3150
3.847500	3151
3.848750	3152
3.850000	3153
3.851250	3154
3.852500	3155
3.853750	3156
3.855000	3157
3.856250	3158
3.857500	3159
3.858750	3160
3.860000	3161
3.861250	3162
3.862500	3163
3.863750	3164
3.865000	3165
3.866250	3166
3.867500	3167
3.868750	3168
3.870000	3169
3.871250	3170
3.872500	3171
3.873750	3172
3.875000	3173
3.876250	3174
3.877500	3175
3.878750	3176
3.880000	3177
3.881250	3178
3.882500	3179
3.883750	3180
3.885000	3181
3.886250	3182
3.887500	3183
3.888750	3184
3.890000	3185
3.891250	3186
3.892500	3187
3.893750	3188
3.895000	3190
3.896250	3191
3.897500	3192
3.898750	3193
3.900000	3194
3.901250	3195
3.902500	3196
3.903750	3197
3.905000	3198
3.906250	3199
3.907500	3200
3.908750	3201
3.910000	3202
3.911250	3203
3.912500	3204
3.913750	3205
3.915000	3206
3.916250	3207
3.917500	3208
3.918750	3209
3.920000	3210
3.921250	3211
3.922500	3212
3.923750	3213
3.925000	3214
3.926250	3215
3.927500	3216
3.928750	3217
3.930000	3218
3.931250	3219
3.932500	3220
3.933750	3221
3.935000	3222
3.936250	3223
3.937500	3224
3.938750	3225
3.940000	3226
3.941250	3227
3.942500	3228
3.943750	3229
3.945000	3230
3.946250	3231
3.947500	3233
3.948750	3234
3.950000	3235
3.951250	3236
3.952500	3237
3.953750	3238
3.955000	3239
3.956250	3240
3.957500	3241
3.958750	3242
3.960000	3243
3.961250	3244
3.962500	3245
3.963750	3246
3.965000	3247
3.966250	3248
3.967500	3249
3.968750	3250
3.970000	3251
3.971250	3252
3.972500	3253
3.973750	3254
3.975000	3255
3.976250	3256
3.977500	3257
3.978750	3258
3.980000	3259
3.981250	3260
3.982500	3261
3.983750	3262
3.985000	3263
3.986250	3264
3.987500	3265
3.988750	3266
3.990000	3267
3.991250	3268
3.992500	3269
3.993750	3270
3.995000	3271
3.996250	3272
3.997500	3273
3.998750	3274
4.000000	3276
4.001250	3277
4.002500	3278
4.003750	3279
4.005000	3280
4.006250	3281
4.007500	3282
4.008750	3283
4.010000	3284
4.011250	3285
4.012500	3286
4.013750	3287
4.015000	3288
4.016250	3289
4.017500	3290
4.018750	3291
4.020000	3292
4.021250	3293
4.022500	3294
4.023750	3295
4.025000	3296
4.026250	3297
4.027500	3298
4.028750	3299
4.030000	3300
4.031250	3301
4.032500	3302
4.033750	3303
4.035000	3304
4.036250	3305
4.037500	3306
4.038750	3307
4.040000	3308
4.041250	3309
4.042500	3310
4.043750	3311
4.045000	3312
4.046250	3313
4.047500	3314
4.048750	3315
4.050000	3316
4.051250	3317
4.052500	3318
4.053750	3320
4.055000	3321
4.056250	3322
4.057500	3323
4.058750	3324
4.060000	3325
4.061250	3326
4.062500	3327
4.063750	3328
4.065000	3329
4.066250	3330
4.067500	3331
4.068750	3332
4.070000	3333
4.071250	3334
4.072500	3335
4.073750	3336
4.075000	3337
4.076250	3338
4.077500	3339
4.078750	3340
4.080000	3341
4.081250	3342
4.082500	3343
4.083750	3344
4.085000	3345
4.086250	3346
4.087500	3347
4.088750	3348
4.090000	3349
4.091250	3350
4.092500	3351
4.093750	3352
4.095000	3353
4.096250	3354
4.097500	3355
4.098750	3356
4.100000	3357
4.101250	3358
4.102500	3359
4.103750	3360
4.105000	3361
4.106250	3363
4.107500	3364
4.108750	3365
4.110000	3366
4.111250	3367
4.112500	3368
4.113750	3369
4.115000	3370
4.116250	3371
4.117500	3372
4.118750	3373
4.120000	3374
4.121250	3375
4.122500	3376
4.123750	3377
4.125000	3378
4.126250	3379
4.127500	3380
4.128750	3381
4.130000	3382
4.131250	3383
4.132500	3384
4.133750	3385
4.135000	3386
4.136250	3387
4.137500	3388
4.138750	3389
4.140000	3390
4.141250	3391
4.142500	3392
4.143750	3393
4.145000	3394
4.146250	3395
4.147500	3396
4.148750	3397
4.150000	3398
4.151250	3399
4.152500	3400
4.153750	3401
4.155000	3402
4.156250	3403
4.157500	3404
4.158750	3406
4.160000	3407
4.161250	3408
4.162500	3409
4.163750	3410
4.165000	3411
4.166250	3412
4.167500	3413
4.168750	3414
4.170000	3415
4.171250	3416
4.172500	3417
4.173750	3418
4.175000	3419
4.176250	3420
4.177500	3421
4.178750	3422
4.180000	3423
4.181250	3424
4.182500	3425
4.183750	3426
4.185000	3427
4.186250	3428
4.187500	3429
4.188750	3430
4.190000	3431
4.191250	3432
4.192500	3433
4.193750	3434
4.195000	3435
4.196250	3436
4.197500	3437
4.198750	3438
4.200000	3439
4.201250	3440
4.202500	3441
4.203750	3442
4.205000	3443
4.206250	3444
4.207500	3445
4.208750	3446
4.210000	3447
4.211250	3449
4.212500	3450
4.213750	3451
4.215000	3452
4.216250	3453
4.217500	3454
4.218750	3455
4.220000	3456
4.221250	3457
4.222500	3458
4.223750	3459
4.225000	3460
4.226250	3461
4.227500	3462
4.228750	3463
4.230000	3464
4.231250	3465
4.232500	3466
4.233750	3467
4.235000	3468
4.236250	3469
4.237500	3470
4.238750	3471
4.240000	3472
4.241250	3473
4.242500	3474
4.243750	3475
4.245000	3476
4.246250	3477
4.247500	3478
4.248750	3479
4.250000	3480
4.251250	3481
4.252500	3482
4.253750	3483
4.255000	3484
4.256250	3485
4.257500	3486
4.258750	3487
4.260000	3488
4.261250	3489
4.262500	3490
4.263750	3492
4.265000	3493
4.266250	3494
4.267500	3495
4.268750	3496
4.270000	3497
4.271250	3498
4.272500	3499
4.273750	3500
4.275000	3501
4.276250	3502
4.277500	3503
4.278750	3504
4.280000	3505
4.281250	3506
4.282500	3507
4.283750	3508
4.285000	3509
4.286250	3510
4.287500	3511
4.288750	3512
4.290000	3513
4.291250	3514
4.292500	3515
4.293750	3516
4.295000	3517
4.296250	3518
4.297500	3519
4.298750	3520
4.300000	3521
4.301250	3522
4.302500	3523
4.303750	3524
4.305000	3525
4.306250	3526
4.307500	3527
4.308750	3528
4.310000	3529
4.311250	3530
4.312500	3531
4.313750	3532
4.315000	3533
4.316250	3535
4.317500	3536
4.318750	3537
4.320000	3538
4.321250	3539
4.322500	3540
4.323750	3541
4.325000	3542
4.326250	3543
4.327500	3544
4.328750	3545
4.330000	3546
4.331250	3547
4.332500	3548
4.333750	3549
4.335000	3550
4.336250	3551
4.337500	3552
4.338750	3553
4.340000	3554
4.341250	3555
4.342500	3556
4.343750	3557
4.345000	3558
4.346250	3559
4.347500	3560
4.348750	3561
4.350000	3562
4.351250	3563
4.352500	3564
4.353750	3565
4.355000	3566
4.356250	3567
4.357500	3568
4.358750	3569
4.360000	3570
4.361250	3571
4.362500	3572
4.363750	3573
4.365000	3574
4.366250	3575
4.367500	3576
4.368750	3578
4.370000	3579
4.371250	3580
4.372500	3581
4.373750	3582
4.375000	3583
4.376250	3584
4.377500	3585
4.378750	3586
4.380000	3587
4.381250	3588
4.382500	3589
4.383750	3590
4.385000	3591
4.386250	3592
4.387500	3593
4.388750	3594
4.390000	3595
4.391250	3596
4.392500	3597
4.393750	3598
4.395000	3599
4.396250	3600
4.397500	3601
4.398750	3602
4.400000	3603
4.401250	3604
4.402500	3605
4.403750	3606
4.405000	3607
4.406250	3608
4.407500	3609
4.408750	3610
4.410000	3611
4.411250	3612
4.412500	3613
4.413750	3614
4.415000	3615
4.416250	3616
4.417500	3617
4.418750	3618
4.420000	3619
4.421250	3621
4.422500	3622
4.423750	3623
4.425000	3624
4.426250	3625
4.427500	3626
4.428750	3627
4.430000	3628
4.431250	3629
4.432500	3630
4.433750	3631
4.435000	3632
4.436250	3633
4.437500	3634
4.438750	3635
4.440000	3636
4.441250	3637
4.442500	3638
4.443750	3639
4.445000	3640
4.446250	3641
4.447500	3642
4.448750	3643
4.450000	3644
4.451250	3645
4.452500	3646
4.453750	3647
4.455000	3648
4.456250	3649
4.457500	3650
4.458750	3651
4.460000	3652
4.461250	3653
4.462500	3654
4.463750	3655
4.465000	3656
4.466250	3657
4.467500	3658
4.468750	3659
4.470000	3660
4.471250	3661
4.472500	3662
4.473750	3664
4.475000	3665
4.476250	3666
4.477500	3667
4.478750	3668
4.480000	3669
4.481250	3670
4.482500	3671
4.483750	3672
4.485000	3673
4.486250	3674
4.487500	3675
4.488750	3676
4.490000	3677
4.491250	3678
4.492500	3679
4.493750	3680
4.495000	3681
4.496250	3682
4.497500	3683
4.498750	3684
4.500000	3685
4.501250	3686
4.502500	3687
4.503750	3688
4.505000	3689
4.506250	3690
4.507500	3691
4.508750	3692
4.510000	3693
4.511250	3694
4.512500	3695
4.513750	3696
4.515000	3697
4.516250	3698
4.517500	3699
4.518750	3700
4.520000	3701
4.521250	3702
4.522500	3703
4.523750	3704
4.525000	3705
4.526250	3706
4.527500	3708
4.528750	3709
4.530000	3710
4.531250	3711
4.532500	3712
4.533750	3713
4.535000	3714
4.536250	3715
4.537500	3716
4.538750	3717
4.540000	3718
4.541250	3719
4.542500	3720
4.543750	3721
4.545000	3722
4.546250	3723
4.547500	3724
4.548750	3725
4.550000	3726
4.551250	3727
4.552500	3728
4.553750	3729
4.555000	3730
4.556250	3731
4.557500	3732
4.558750	3733
4.560000	3734
4.561250	3735
4.562500	3736
4.563750	3737
4.565000	3738
4.566250	3739
4.567500	3740
4.568750	3741
4.570000	3742
4.571250	3743
4.572500	3744
4.573750	3745
4.575000	3746
4.576250	3747
4.577500	3748
4.578750	3749
4.580000	3751
4.581250	3752
4.582500	3753
4.583750	3754
4.585000	3755
4.586250	3756
4.587500	3757
4.588750	3758
4.590000	3759
4.591250	3760
4.592500	3761
4.593750	3762
4.595000	3763
4.596250	3764
4.597500	3765
4.598750	3766
4.600000	3767
4.601250	3768
4.602500	3769
4.603750	3770
4.605000	3771
4.606250	3772
4.607500	3773
4.608750	3774
4.610000	3775
4.611250	3776
4.612500	3777
4.613750	3778
4.615000	3779
4.616250	3780
4.617500	3781
4.618750	3782
4.620000	3783
4.621250	3784
4.622500	3785
4.623750	3786
4.625000	3787
4.626250	3788
4.627500	3789
4.628750	3790
4.630000	3791
4.631250	3792
4.632500	3794
4.633750	3795
4.635000	3796
4.636250	3797
4.637500	3798
4.638750	3799
4.640000	3800
4.641250	3801
4.642500	3802
4.643750	3803
4.645000	3804
4.646250	3805
4.647500	3806
4.648750	3807
4.650000	3808
4.651250	3809
4.652500	3810
4.653750	3811
4.655000	3812
4.656250	3813
4.657500	3814
4.658750	3815
4.660000	3816
4.661250	3817
4.662500	3818
4.663750	3819
4.665000	3820
4.666250	3821
4.667500	3822
4.668750	3823
4.670000	3824
4.671250	3825
4.672500	3826
4.673750	3827
4.675000	3828
4.676250	3829
4.677500	3830
4.678750	3831
4.680000	3832
4.681250	3833
4.682500	3834
4.683750	3835
4.685000	3837
4.686250	3838
4.687500	3839
4.688750	3840
4.690000	3841
4.691250	3842
4.692500	3843
4.693750	3844
4.695000	3845
4.696250	3846
4.697500	3847
4.698750	3848
4.700000	3849
4.701250	3850
4.702500	3851
4.703750	3852
4.705000	3853
4.706250	3854
4.707500	3855
4.708750	3856
4.710000	3857
4.711250	3858
4.712500	3859
4.713750	3860
4.715000	3861
4.716250	3862
4.717500	3863
4.718750	3864
4.720000	3865
4.721250	3866
4.722500	3867
4.723750	3868
4.725000	3869
4.726250	3870
4.727500	3871
4.728750	3872
4.730000	3873
4.731250	3874
4.732500	3875
4.733750	3876
4.735000	3877
4.736250	3878
4.737500	3880
4.738750	3881
4.740000	3882
4.741250	3883
4.742500	3884
4.743750	3885
4.745000	3886
4.746250	3887
4.747500	3888
4.748750	3889
4.750000	3890
4.751250	3891
4.752500	3892
4.753750	3893
4.755000	3894
4.756250	3895
4.757500	3896
4.758750	3897
4.760000	3898
4.761250	3899
4.762500	3900
4.763750	3901
4.765000	3902
4.766250	3903
4.767500	3904
4.768750	3905
4.770000	3906
4.771250	3907
4.772500	3908
4.773750	3909
4.775000	3910
4.776250	3911
4.777500	3912
4.778750	3913
4.780000	3914
4.781250	3915
4.782500	3916
4.783750	3917
4.785000	3918
4.786250	3919
4.787500	3920
4.788750	3921
4.790000	3923
4.791250	3924
4.792500	3925
4.793750	3926
4.795000	3927
4.796250	3928
4.797500	3929
4.798750	3930
4.800000	3931
4.801250	3932
4.802500	3933
4.803750	3934
4.805000	3935
4.806250	3936
4.807500	3937
4.808750	3938
4.810000	3939
4.811250	3940
4.812500	3941
4.813750	3942
4.815000	3943
4.816250	3944
4.817500	3945
4.818750	3946
4.820000	3947
4.821250	3948
4.822500	3949
4.823750	3950
4.825000	3951
4.826250	3952
4.827500	3953
4.828750	3954
4.830000	3955
4.831250	3956
4.832500	3957
4.833750	3958
4.835000	3959
4.836250	3960
4.837500	3961
4.838750	3962
4.840000	3963
4.841250	3964
4.842500	3966
4.843750	3967
4.845000	3968
4.846250	3969
4.847500	3970
4.848750	3971
4.850000	3972
4.851250	3973
4.852500	3974
4.853750	3975
4.855000	3976
4.856250	3977
4.857500	3978
4.858750	3979
4.860000	3980
4.861250	3981
4.862500	3982
4.863750	3983
4.865000	3984
4.866250	3985
4.867500	3986
4.868750	3987
4.870000	3988
4.871250	3989
4.872500	3990
4.873750	3991
4.875000	3992
4.876250	3993
4.877500	3994
4.878750	3995
4.880000	3996
4.881250	3997
4.882500	3998
4.883750	3999
4.885000	4000
4.886250	4001
4.887500	4002
4.888750	4003
4.890000	4004
4.891250	4005
4.892500	4006
4.893750	4007
4.895000	4009
4.896250	4010
4.897500	4011
4.898750	4012
